musk1+.mat
(0.2222222222222222, 7.675408025135961)
(0.28888888888888886, 9.978028655793569)
(0.2777777777777778, 9.594255589212006)
(0.2777777777777778, 9.594273358043788)
(0.24444444444444446, 8.442971927130873)
0.26222222222222225 0.02788866755113585
9.056987511063237 0.9632531952576536
musk2+.mat
(0.4, 13.815550537835783)
(0.29000000000000004, 10.016277138421305)
(0.33999999999999997, 11.743223954141142)
(0.30000000000000004, 10.36165690639611)
(0.35, 12.088603722115947)
0.336 0.04393177
11.60506245 1.51735415
elephant+.mat
(0.19499999999999995, 6.735137358763452)
(0.17500000000000004, 6.044349836903786)
(0.21999999999999997, 7.59861876259767)
(0.20499999999999996, 7.080521124725408)
(0.22499999999999998, 7.771296652623621)
0.20400000000000001 0.020124611797498086
7.045984747122787 0.6950850791303
tiger+.mat
(0.17000000000000004, 5.871639962980628)
(0.21499999999999997, 7.425900892700213)
(0.17000000000000004, 5.871643960967779)
(0.19499999999999995, 6.735121366814849)
(0.24, 8.289382296534432)
0.198 0.03012474066278411
6.838737695999579 1.040482464754032
mnist0
(0.49, 16.924196334876633)
mnist1.none
(0.55, 18.99655890045563)