record_mi.txtmusk1+.mat
(0.7222222222222222, 24.94497391090912)
(0.6777777777777778, 23.40989052899875)
(0.7444444444444445, 25.712493390824573)
(0.7111111111111111, 24.561200844327555)
(0.7333333333333334, 25.32872032424302)
0.7177777777777778 0.025579698740491864
24.791455799860607 0.8834974767575159
musk2+.mat
(0.56, 19.341954660379038)
(0.52, 17.96038761263401)
(0.54, 18.651171136506523)
(0.51, 17.6149998486849)
(0.5900000000000001, 20.378125948200662)
0.5439999999999999 0.03209361307176246
18.78932784128103 1.108484465123009
mutagenesis1.mat
使用min_hausdorff计算距离矩阵...
▇▇▇▇▇▇▇▇▇▇▇▇▇▇▇▇▇▇▇▇▇▇▇▇▇▇▇▇▇▇▇▇▇▇▇▇▇▇▇▇▇▇▇▇▇▇▇▇▇100.0%
(0.33333333333333337, 11.513191997446958)
(0.3388888888888889, 11.70507853073774)
(0.3277777777777777, 11.321305464156177)
(0.33333333333333337, 11.513191997446958)
(0.3388888888888889, 11.70507853073774)
0.3344444444444445 0.004648111258522665
11.551569304105115 0.16054379203459715
mutagenesis2.mat
使用min_hausdorff计算距离矩阵...
▇▇▇▇▇▇▇▇▇▇▇▇▇▇▇▇▇▇▇▇▇▇▇▇▇▇▇▇▇▇▇▇▇▇▇▇▇▇▇▇▇▇▇▇▇▇▇▇100.0%
(0.32499999999999996, 11.225102328345972)
(0.30000000000000004, 10.361632918473205)
(0.275, 9.498163508600438)
(0.275, 9.498163508600438)
(0.30000000000000004, 10.361632918473205)
0.29500000000000004 0.020916500663351868
10.188939036498653 0.7224303393755118
elephant+.mat
(0.76, 26.249773907155596)
(0.76, 26.249777905142743)
(0.81, 27.976704730926823)
(0.74, 25.559018369193137)
(0.725, 25.040880751449357)
0.7590000000000001 0.03209361307176246
26.215231132773532 1.1084775515246459
tiger+.mat
(0.76, 26.249781903129897)
(0.76, 26.249789899104194)
(0.75, 25.904394139180784)
(0.755, 26.07709201914249)
(0.735, 25.38631249325713)
0.752 0.01036822067666387
25.9734740907629 0.3581074871781278
web1+.mat
使用min_hausdorff计算距离矩阵...
▇▇▇▇▇▇▇▇▇▇▇▇▇▇▇▇▇▇▇▇▇▇▇▇▇▇▇▇▇▇▇▇▇▇▇▇▇▇▇▇▇▇▇▇▇▇▇▇▇100.0%
(0.18181818181818177, 6.279777526347396)
(0.19090909090909092, 6.593766402664767)
(0.19090909090909092, 6.593766402664767)
(0.17272727272727273, 5.965788650030028)
(0.19090909090909092, 6.593766402664767)
0.18545454545454546 0.008131156281817426
6.405373076874345 0.28084018864976495
web2+.mat
使用min_hausdorff计算距离矩阵...
▇▇▇▇▇▇▇▇▇▇▇▇▇▇▇▇▇▇▇▇▇▇▇▇▇▇▇▇▇▇▇▇▇▇▇▇▇▇▇▇▇▇▇▇▇▇▇▇▇100.0%
(0.19090909090909092, 6.593766402664767)
(0.18181818181818177, 6.279777526347397)
(0.18181818181818177, 6.279777526347397)
(0.18181818181818177, 6.279777526347397)
(0.19090909090909092, 6.593766402664767)
0.18545454545454543 0.004979295977319724
6.405373076874345 0.17197879036472316
web3+.mat
使用min_hausdorff计算距离矩阵...
▇▇▇▇▇▇▇▇▇▇▇▇▇▇▇▇▇▇▇▇▇▇▇▇▇▇▇▇▇▇▇▇▇▇▇▇▇▇▇▇▇▇▇▇▇▇▇▇▇100.0%
(0.19090909090909092, 6.593766402664768)
(0.19999999999999996, 6.907762548049684)
(0.19090909090909092, 6.593766402664768)
(0.18181818181818177, 6.279777526347397)
(0.19090909090909092, 6.593766402664767)
0.1909090909090909 0.006428243465332252
6.593767856478277 0.22202623367355864
web4+.mat
使用min_hausdorff计算距离矩阵...
▇▇▇▇▇▇▇▇▇▇▇▇▇▇▇▇▇▇▇▇▇▇▇▇▇▇▇▇▇▇▇▇▇▇▇▇▇▇▇▇▇▇▇▇▇▇▇▇▇100.0%
(0.2909090909090909, 10.047818499776968)
(0.28181818181818186, 9.733807816256958)
(0.21818181818181814, 7.535907489238012)
(0.2727272727272727, 9.419848016209777)
(0.2727272727272727, 9.41984074714223)
0.2672727272727272 0.028459046986360977
9.231444513724789 0.982938222213598
web5+.mat
使用min_hausdorff计算距离矩阵...
▇▇▇▇▇▇▇▇▇▇▇▇▇▇▇▇▇▇▇▇▇▇▇▇▇▇▇▇▇▇▇▇▇▇▇▇▇▇▇▇▇▇▇▇▇▇▇▇▇100.0%
(0.2272727272727273, 7.849903634622927)
(0.2727272727272727, 9.419826209007134)
(0.31818181818181823, 10.98979966686417)
(0.23636363636363633, 8.163892510940297)
(0.2272727272727273, 7.849903634622929)
0.2563636363636364 0.03931226965534484
8.854665131211492 1.3577982795837187
web6+.mat
使用min_hausdorff计算距离矩阵...
▇▇▇▇▇▇▇▇▇▇▇▇▇▇▇▇▇▇▇▇▇▇▇▇▇▇▇▇▇▇▇▇▇▇▇▇▇▇▇▇▇▇▇▇▇▇▇▇▇100.0%
(0.2272727272727273, 7.849903634622928)
(0.21818181818181814, 7.535907489238011)
(0.2272727272727273, 7.849903634622928)
(0.2272727272727273, 7.849903634622927)
(0.2272727272727273, 7.849903634622927)
0.2254545454545455 0.004065578140908735
7.787104405545944 0.14042334515071603
web7+.mat
使用min_hausdorff计算距离矩阵...
▇▇▇▇▇▇▇▇▇▇▇▇▇▇▇▇▇▇▇▇▇▇▇▇▇▇▇▇▇▇▇▇▇▇▇▇▇▇▇▇▇▇▇▇▇▇▇▇▇100.0%
(0.509090909090909, 17.58341341911045)
(0.4818181818181818, 16.6414104448206)
(0.5272727272727273, 18.211383902677635)
(0.4636363636363636, 16.013432692185862)
(0.5, 17.269417273725534)
0.4963636363636363 0.024562283792920556
17.14381154650402 0.8483661594556849
web8+.mat
使用min_hausdorff计算距离矩阵...
▇▇▇▇▇▇▇▇▇▇▇▇▇▇▇▇▇▇▇▇▇▇▇▇▇▇▇▇▇▇▇▇▇▇▇▇▇▇▇▇▇▇▇▇▇▇▇▇▇100.0%
(0.5363636363636364, 18.525401855265194)
(0.5818181818181818, 20.09539712032488)
(0.5909090909090908, 20.40939326570979)
(0.5909090909090908, 20.409415072912434)
(0.6545454545454545, 22.607409897809497)
0.5909090909090908 0.04215281134316229
20.40940344240436 1.4559613944822047
web9+.mat
使用min_hausdorff计算距离矩阵...
▇▇▇▇▇▇▇▇▇▇▇▇▇▇▇▇▇▇▇▇▇▇▇▇▇▇▇▇▇▇▇▇▇▇▇▇▇▇▇▇▇▇▇▇▇▇▇▇▇100.0%
(0.5454545454545454, 18.83939073158257)
(0.5545454545454546, 19.153408684170124)
(0.5545454545454546, 19.153423222305218)
(0.6, 20.723382142027166)
(0.49090909090909096, 16.95542839740816)
0.5490909090909092 0.03888954479310441
18.965006635498646 1.3432297471403019
mnist0.none
使用min_hausdorff计算距离矩阵...
▇▇▇▇▇▇▇▇▇▇▇▇▇▇▇▇▇▇▇▇▇▇▇▇▇▇▇▇▇▇▇▇▇▇▇▇▇▇▇▇▇▇▇▇▇▇▇▇▇100.0%
(0.54, 18.65115114657077)
(0.5700000000000001, 19.68734242432815)
(0.585, 20.205420072264655)
(0.54, 18.651147148583618)
(0.53, 18.30574739067306)
0.5530000000000002 0.023345235059857486
19.100161636484053 0.8063336641585644
mnist1.none
使用min_hausdorff计算距离矩阵...
▇▇▇▇▇▇▇▇▇▇▇▇▇▇▇▇▇▇▇▇▇▇▇▇▇▇▇▇▇▇▇▇▇▇▇▇▇▇▇▇▇▇▇▇▇▇▇▇▇100.0%
(0.985, 34.02108655172781)
(0.98, 33.84838867176611)
(0.98, 33.84839266975326)
(0.99, 34.193780433702365)
(0.985, 34.02108255374066)
0.984 0.004183300132670381
33.98654617613804 0.14448678466621093
mnist2.none
使用min_hausdorff计算距离矩阵...
▇▇▇▇▇▇▇▇▇▇▇▇▇▇▇▇▇▇▇▇▇▇▇▇▇▇▇▇▇▇▇▇▇▇▇▇▇▇▇▇▇▇▇▇▇▇▇▇▇100.0%
(0.49, 16.924208328838084)
(0.51, 17.61498785472345)
(0.53, 18.305763382621663)
(0.47, 16.233404815029814)
(0.5, 17.269600090774343)
0.5 0.022360679774997918
17.26959289439747 0.7723216935460591
mnist3.none
使用min_hausdorff计算距离矩阵...
▇▇▇▇▇▇▇▇▇▇▇▇▇▇▇▇▇▇▇▇▇▇▇▇▇▇▇▇▇▇▇▇▇▇▇▇▇▇▇▇▇▇▇▇▇▇▇▇▇100.0%
(0.575, 19.860012318379795)
(0.6, 20.723501718188317)
(0.565, 19.514612560469235)
(0.5700000000000001, 19.687318436405246)
(0.615, 21.24160735203488)
0.585 0.021505813167606566
20.205410477095494 0.7428060833786317
mnist4.none
使用min_hausdorff计算距离矩阵...
▇▇▇▇▇▇▇▇▇▇▇▇▇▇▇▇▇▇▇▇▇▇▇▇▇▇▇▇▇▇▇▇▇▇▇▇▇▇▇▇▇▇▇▇▇▇▇▇▇100.0%
(0.475, 16.406094699017217)
(0.565, 19.514644544366444)
(0.575, 19.86002431234125)
(0.42000000000000004, 14.50646599528428)
(0.56, 19.341910682520382)
0.519 0.068319104209584
17.925828046705917 2.359680559708806
mnist5.none
使用min_hausdorff计算距离矩阵...
▇▇▇▇▇▇▇▇▇▇▇▇▇▇▇▇▇▇▇▇▇▇▇▇▇▇▇▇▇▇▇▇▇▇▇▇▇▇▇▇▇▇▇▇▇▇▇▇▇100.0%
(0.46499999999999997, 16.060714931042412)
(0.51, 17.6149838567363)
(0.495, 17.09690620879979)
(0.44999999999999996, 15.542621291157298)
(0.485, 16.751486460953473)
0.481 0.023822258499143212
16.613342549737858 0.8228068058448159
mnist6.none
使用min_hausdorff计算距离矩阵...
▇▇▇▇▇▇▇▇▇▇▇▇▇▇▇▇▇▇▇▇▇▇▇▇▇▇▇▇▇▇▇▇▇▇▇▇▇▇▇▇▇▇▇▇▇▇▇▇▇100.0%
(0.5549999999999999, 19.16923679048158)
(0.575, 19.86003230831555)
(0.485, 16.751498454914927)
(0.515, 17.787665744749397)
(0.51, 17.614959868813393)
0.5279999999999999 0.036331804249169874
18.23667863345497 1.2548753752046078
mnist7.none
使用min_hausdorff计算距离矩阵...
▇▇▇▇▇▇▇▇▇▇▇▇▇▇▇▇▇▇▇▇▇▇▇▇▇▇▇▇▇▇▇▇▇▇▇▇▇▇▇▇▇▇▇▇▇▇▇▇▇100.0%
(0.64, 22.105072763920496)
(0.635, 21.932378881945944)
(0.605, 20.896207594124327)
(0.615, 21.241591360086275)
(0.64, 22.10507676190765)
0.627 0.01604680653588123
21.65606547239694 0.5542428554331253
mnist8.none
使用min_hausdorff计算距离矩阵...
▇▇▇▇▇▇▇▇▇▇▇▇▇▇▇▇▇▇▇▇▇▇▇▇▇▇▇▇▇▇▇▇▇▇▇▇▇▇▇▇▇▇▇▇▇▇▇▇▇100.0%
(0.56, 19.341938668430437)
(0.5, 17.26958010083859)
(0.495, 17.09690221081264)
(0.575, 19.86002431234125)
(0.45499999999999996, 15.715315173131852)
0.517 0.04957317823178176
17.856752093110956 1.7122188544573185
mnist9.none
使用min_hausdorff计算距离矩阵...
▇▇▇▇▇▇▇▇▇▇▇▇▇▇▇▇▇▇▇▇▇▇▇▇▇▇▇▇▇▇▇▇▇▇▇▇▇▇▇▇▇▇▇▇▇▇▇▇▇100.0%
(0.56, 19.341946664404738)
(0.53, 18.305755386647363)
(0.565, 19.514612560469235)
(0.485, 16.751482462966322)
(0.5449999999999999, 18.823805048673815)
0.537 0.032132538026119255
18.547520424632296 1.1098328856696758
fashion_mnist0.none
使用min_hausdorff计算距离矩阵...
▇▇▇▇▇▇▇▇▇▇▇▇▇▇▇▇▇▇▇▇▇▇▇▇▇▇▇▇▇▇▇▇▇▇▇▇▇▇▇▇▇▇▇▇▇▇▇▇▇100.0%
(0.635, 21.93237488395879)
(0.63, 21.759681001984237)
(0.45499999999999996, 15.715323169106155)
(0.42000000000000004, 14.506450003335676)
(0.645, 22.277766645895053)
0.557 0.10992042576336757
19.238319140855985 3.7965619074752444
fashion_mnist1.none
使用min_hausdorff计算距离矩阵...
▇▇▇▇▇▇▇▇▇▇▇▇▇▇▇▇▇▇▇▇▇▇▇▇▇▇▇▇▇▇▇▇▇▇▇▇▇▇▇▇▇▇▇▇▇▇▇▇▇100.0%
(0.83, 28.667512242722246)
(0.835, 28.8402141206711)
(0.83, 28.667516240709396)
(0.83, 28.667516240709396)
(0.825, 28.494826356721997)
0.8300000000000001 0.0035355339059327407
28.66751704030683 0.12211301505944727
fashion_mnist2.none
使用min_hausdorff计算距离矩阵...
▇▇▇▇▇▇▇▇▇▇▇▇▇▇▇▇▇▇▇▇▇▇▇▇▇▇▇▇▇▇▇▇▇▇▇▇▇▇▇▇▇▇▇▇▇▇▇▇▇100.0%
(0.565, 19.514644544366444)
(0.565, 19.51464054637929)
(0.585, 20.205420072264655)
(0.5900000000000001, 20.37811795222636)
(0.44999999999999996, 15.542641281093054)
0.5509999999999999 0.05759774301133685
19.031092879265962 1.9893752797918411
fashion_mnist3.none
使用min_hausdorff计算距离矩阵...
▇▇▇▇▇▇▇▇▇▇▇▇▇▇▇▇▇▇▇▇▇▇▇▇▇▇▇▇▇▇▇▇▇▇▇▇▇▇▇▇▇▇▇▇▇▇▇▇▇100.0%
(0.63, 21.75968499997139)
(0.6699999999999999, 23.14124804972927)
(0.665, 22.968550169767568)
(0.655, 22.62316240581846)
(0.6599999999999999, 22.795860285780165)
0.656 0.015572411502397418
22.657701182213373 0.5378565316814529
fashion_mnist4.none
使用min_hausdorff计算距离矩阵...
▇▇▇▇▇▇▇▇▇▇▇▇▇▇▇▇▇▇▇▇▇▇▇▇▇▇▇▇▇▇▇▇▇▇▇▇▇▇▇▇▇▇▇▇▇▇▇▇▇100.0%
(0.41000000000000003, 14.16109822127093)
(0.65, 22.450460527869605)
(0.41500000000000004, 14.333796101232632)
(0.62, 21.414293238035135)
(0.615, 21.241619345996334)
0.542 0.11898529320886676
18.720253486880928 4.109637626269533
fashion_mnist5.none
使用min_hausdorff计算距离矩阵...
▇▇▇▇▇▇▇▇▇▇▇▇▇▇▇▇▇▇▇▇▇▇▇▇▇▇▇▇▇▇▇▇▇▇▇▇▇▇▇▇▇▇▇▇▇▇▇▇▇100.0%
(0.795, 27.45864707292607)
(0.795, 27.45864707292607)
(0.795, 27.45865107091322)
(0.795, 27.45864707292607)
(0.8, 27.631344952887776)
0.796 0.002236067977499792
27.49318744851584 0.0772323928637452
fashion_mnist6.none
使用min_hausdorff计算距离矩阵...
▇▇▇▇▇▇▇▇▇▇▇▇▇▇▇▇▇▇▇▇▇▇▇▇▇▇▇▇▇▇▇▇▇▇▇▇▇▇▇▇▇▇▇▇▇▇▇▇▇100.0%
(0.5800000000000001, 20.0327181943158)
(0.575, 19.8600283103284)
(0.44999999999999996, 15.542629287131598)
(0.585, 20.205416074277505)
(0.585, 20.205416074277505)
0.5549999999999999 0.058843011479699114
19.169241588066164 2.0323883769001174
fashion_mnist7.none
使用min_hausdorff计算距离矩阵...
▇▇▇▇▇▇▇▇▇▇▇▇▇▇▇▇▇▇▇▇▇▇▇▇▇▇▇▇▇▇▇▇▇▇▇▇▇▇▇▇▇▇▇▇▇▇▇▇▇100.0%
(0.755, 26.07707602719389)
(0.745, 25.731688263244777)
(0.75, 25.904382145219333)
(0.74, 25.55899438127022)
(0.735, 25.386300499295675)
0.745 0.007905694150420955
25.73168826324478 0.2730530025079436
fashion_mnist8.none
使用min_hausdorff计算距离矩阵...
▇▇▇▇▇▇▇▇▇▇▇▇▇▇▇▇▇▇▇▇▇▇▇▇▇▇▇▇▇▇▇▇▇▇▇▇▇▇▇▇▇▇▇▇▇▇▇▇▇100.0%
(0.56, 19.341922676481833)
(0.43000000000000005, 14.851841765271933)
(0.5700000000000001, 19.687330430366696)
(0.5800000000000001, 20.032730188277252)
(0.5800000000000001, 20.032722192302955)
0.544 0.06426507605223852
18.789309450540134 2.219664682313442
fashion_mnist9.none
使用min_hausdorff计算距离矩阵...
▇▇▇▇▇▇▇▇▇▇▇▇▇▇▇▇▇▇▇▇▇▇▇▇▇▇▇▇▇▇▇▇▇▇▇▇▇▇▇▇▇▇▇▇▇▇▇▇▇100.0%
(0.87, 30.049079290467276)
(0.885, 30.567168932365238)
(0.875, 30.221777170428982)
(0.885, 30.567168932365238)
(0.885, 30.56717293035239)
0.8799999999999999 0.007071067811865481
30.394473451195825 0.24423027053873633
alt_atheism.mat
使用min_hausdorff计算距离矩阵...
▇▇▇▇▇▇▇▇▇▇▇▇▇▇▇▇▇▇▇▇▇▇▇▇▇▇▇▇▇▇▇▇▇▇▇▇▇▇▇▇▇▇▇▇▇▇▇▇▇100.0%
(0.6799999999999999, 23.486639811665526)
(0.63, 21.75964502009988)
(0.5800000000000001, 20.03264223255993)
(0.56, 19.341898688558928)
(0.61, 21.06886149622737)
0.612 0.046583258795408415
21.137937449822324 1.6089691827453527
comp_graphics.mat
使用min_hausdorff计算距离矩阵...
▇▇▇▇▇▇▇▇▇▇▇▇▇▇▇▇▇▇▇▇▇▇▇▇▇▇▇▇▇▇▇▇▇▇▇▇▇▇▇▇▇▇▇▇▇▇▇▇▇100.0%
(0.6799999999999999, 23.486607827768317)
(0.63, 21.75959704425407)
(0.65, 22.450380568126583)
(0.65, 22.450396560075188)
(0.5800000000000001, 20.03267421645714)
0.638 0.03701351104664345
22.035931243336258 1.278418124044427
comp_os_ms-windows_misc.mat
使用min_hausdorff计算距离矩阵...
▇▇▇▇▇▇▇▇▇▇▇▇▇▇▇▇▇▇▇▇▇▇▇▇▇▇▇▇▇▇▇▇▇▇▇▇▇▇▇▇▇▇▇▇▇▇▇▇▇100.0%
(0.64, 22.105112743792006)
(0.5800000000000001, 20.032842131917484)
(0.62, 21.41432921991949)
(0.6, 20.723585675918486)
(0.6, 20.723585675918486)
0.6080000000000001 0.022803508501982747
20.99989108949319 0.7875828398606549
comp_sys_ibm_pc_hardware.mat
使用min_hausdorff计算距离矩阵...
▇▇▇▇▇▇▇▇▇▇▇▇▇▇▇▇▇▇▇▇▇▇▇▇▇▇▇▇▇▇▇▇▇▇▇▇▇▇▇▇▇▇▇▇▇▇▇▇▇100.0%
(0.6, 20.72343375240675)
(0.63, 21.759605040228372)
(0.56, 19.34183472076451)
(0.56, 19.341898688558928)
(0.61, 21.068853500253066)
0.592 0.031144823004794844
20.447125140442328 1.075719353683313
comp_sys_mac_hardware.mat
使用min_hausdorff计算距离矩阵...
▇▇▇▇▇▇▇▇▇▇▇▇▇▇▇▇▇▇▇▇▇▇▇▇▇▇▇▇▇▇▇▇▇▇▇▇▇▇▇▇▇▇▇▇▇▇▇▇▇100.0%
(0.5900000000000001, 20.37807797235485)
(0.6, 20.723497720201166)
(0.61, 21.068893480124576)
(0.61, 21.06891746804748)
(0.6, 20.723473732278258)
0.602 0.008366600265340723
20.792572074601264 0.2889945950073991
comp_windows_x.mat
使用min_hausdorff计算距离矩阵...
▇▇▇▇▇▇▇▇▇▇▇▇▇▇▇▇▇▇▇▇▇▇▇▇▇▇▇▇▇▇▇▇▇▇▇▇▇▇▇▇▇▇▇▇▇▇▇▇▇100.0%
(0.5900000000000001, 20.378061980406247)
(0.56, 19.34182672479021)
(0.61, 21.06882951233016)
(0.54, 18.651099172737805)
(0.61, 21.068853500253063)
0.5820000000000001 0.03114482300479485
20.1017341781035 1.0757266706135085
misc_forsale.mat
使用min_hausdorff计算距离矩阵...
▇▇▇▇▇▇▇▇▇▇▇▇▇▇▇▇▇▇▇▇▇▇▇▇▇▇▇▇▇▇▇▇▇▇▇▇▇▇▇▇▇▇▇▇▇▇▇▇▇100.0%
(0.6699999999999999, 23.141236055767816)
(0.64, 22.105112743792006)
(0.63, 21.759653016074186)
(0.6699999999999999, 23.141268039665025)
(0.6599999999999999, 22.79585628779302)
0.6539999999999999 0.01816590212458491
22.588625228618408 0.6274385959845704
rec_autos.mat
使用min_hausdorff计算距离矩阵...
▇▇▇▇▇▇▇▇▇▇▇▇▇▇▇▇▇▇▇▇▇▇▇▇▇▇▇▇▇▇▇▇▇▇▇▇▇▇▇▇▇▇▇▇▇▇▇▇▇100.0%
(0.6799999999999999, 23.486639811665526)
(0.64, 22.105072763920496)
(0.62, 21.414209280304963)
(0.6, 20.723425756432444)
(0.6, 20.723425756432448)
0.628 0.03346640106136301
21.690554673751176 1.1559401510914797
rec_motorcycles.mat
使用min_hausdorff计算距离矩阵...
▇▇▇▇▇▇▇▇▇▇▇▇▇▇▇▇▇▇▇▇▇▇▇▇▇▇▇▇▇▇▇▇▇▇▇▇▇▇▇▇▇▇▇▇▇▇▇▇▇100.0%
(0.6, 20.72358567591849)
(0.6, 20.723545696046976)
(0.56, 19.34205860804497)
(0.5800000000000001, 20.03284213191748)
(0.6, 20.723505716175467)
0.588 0.017888543819998277
20.309107565620675 0.617815338765962
rec_sport_baseball.mat
使用min_hausdorff计算距离矩阵...
▇▇▇▇▇▇▇▇▇▇▇▇▇▇▇▇▇▇▇▇▇▇▇▇▇▇▇▇▇▇▇▇▇▇▇▇▇▇▇▇▇▇▇▇▇▇▇▇▇100.0%
(0.61, 21.068877488175968)
(0.6799999999999999, 23.48667979153704)
(0.6, 20.723593671892786)
(0.64, 22.105032784048987)
(0.61, 21.068901476098876)
0.628 0.03271085446759223
21.69061704235073 1.1298015670394443
rec_sport_hockey.mat
使用min_hausdorff计算距离矩阵...
▇▇▇▇▇▇▇▇▇▇▇▇▇▇▇▇▇▇▇▇▇▇▇▇▇▇▇▇▇▇▇▇▇▇▇▇▇▇▇▇▇▇▇▇▇▇▇▇▇100.0%
(0.64, 22.10503278404899)
(0.64, 22.105064767946196)
(0.61, 21.068901476098876)
(0.5900000000000001, 20.378149936123563)
(0.61, 21.06896544389329)
0.6180000000000001 0.021679483388678783
21.345222881622185 0.7487610688671912
sci_crypt.mat
使用min_hausdorff计算距离矩阵...
▇▇▇▇▇▇▇▇▇▇▇▇▇▇▇▇▇▇▇▇▇▇▇▇▇▇▇▇▇▇▇▇▇▇▇▇▇▇▇▇▇▇▇▇▇▇▇▇▇100.0%
(0.62, 21.414265252125077)
(0.5800000000000001, 20.032698204380043)
(0.63, 21.759661012048486)
(0.5800000000000001, 20.032730188277252)
(0.62, 21.414305231996586)
0.6060000000000001 0.024083189157584554
20.930731977765486 0.8318116877579439
sci_electronics.mat
使用min_hausdorff计算距离矩阵...
▇▇▇▇▇▇▇▇▇▇▇▇▇▇▇▇▇▇▇▇▇▇▇▇▇▇▇▇▇▇▇▇▇▇▇▇▇▇▇▇▇▇▇▇▇▇▇▇▇100.0%
(0.47, 16.233224905608022)
(0.47, 16.23322490560802)
(0.53, 18.305615457097076)
(0.47, 16.233224905608022)
(0.47, 16.233224905608022)
0.48200000000000004 0.026832815729997503
16.647703015905833 0.926801229811561
sci_med.mat
使用min_hausdorff计算距离矩阵...
▇▇▇▇▇▇▇▇▇▇▇▇▇▇▇▇▇▇▇▇▇▇▇▇▇▇▇▇▇▇▇▇▇▇▇▇▇▇▇▇▇▇▇▇▇▇▇▇▇100.0%
(0.64, 22.105120739766313)
(0.6, 20.723553692021277)
(0.64, 22.105120739766306)
(0.63, 21.759716983868596)
(0.5900000000000001, 20.378149936123567)
0.6199999999999999 0.02345207879911713
21.41433241830921 0.8100180388932802
sci_religion_christian.mat
使用min_hausdorff计算距离矩阵...
▇▇▇▇▇▇▇▇▇▇▇▇▇▇▇▇▇▇▇▇▇▇▇▇▇▇▇▇▇▇▇▇▇▇▇▇▇▇▇▇▇▇▇▇▇▇▇▇▇100.0%
(0.64, 22.10504877599759)
(0.6699999999999999, 23.14124405174212)
(0.6699999999999999, 23.14124405174212)
(0.6599999999999999, 22.795880275715916)
(0.6699999999999999, 23.14125204771642)
0.6619999999999999 0.013038404810405262
22.864933840582832 0.4503443469656986
sci_space.mat
使用min_hausdorff计算距离矩阵...
▇▇▇▇▇▇▇▇▇▇▇▇▇▇▇▇▇▇▇▇▇▇▇▇▇▇▇▇▇▇▇▇▇▇▇▇▇▇▇▇▇▇▇▇▇▇▇▇▇100.0%
(0.64, 22.105112743792006)
(0.65, 22.450524495664023)
(0.64, 22.1050967518434)
(0.61, 21.068901476098876)
(0.6699999999999999, 23.14124405174212)
0.642 0.021679483388678783
22.174175903828086 0.7487927878967602
talk_politics_guns.mat
使用min_hausdorff计算距离矩阵...
▇▇▇▇▇▇▇▇▇▇▇▇▇▇▇▇▇▇▇▇▇▇▇▇▇▇▇▇▇▇▇▇▇▇▇▇▇▇▇▇▇▇▇▇▇▇▇▇▇100.0%
(0.64, 22.105072763920496)
(0.63, 21.75959704425407)
(0.5800000000000001, 20.032666220482838)
(0.63, 21.759669008022783)
(0.62, 21.41428924004798)
0.62 0.023452078799117124
21.414258855345633 0.8100291204953437
talk_politics_mideast.mat
使用min_hausdorff计算距离矩阵...
▇▇▇▇▇▇▇▇▇▇▇▇▇▇▇▇▇▇▇▇▇▇▇▇▇▇▇▇▇▇▇▇▇▇▇▇▇▇▇▇▇▇▇▇▇▇▇▇▇100.0%
(0.6599999999999999, 22.79584829181871)
(0.62, 21.41428924004798)
(0.65, 22.450428543972393)
(0.5900000000000001, 20.378085968329152)
(0.63, 21.75964502009988)
0.6299999999999999 0.027386127875258258
21.759659412853622 0.9458957559482527
talk_politics_misc.mat
使用min_hausdorff计算距离矩阵...
▇▇▇▇▇▇▇▇▇▇▇▇▇▇▇▇▇▇▇▇▇▇▇▇▇▇▇▇▇▇▇▇▇▇▇▇▇▇▇▇▇▇▇▇▇▇▇▇▇100.0%
(0.5700000000000001, 19.68731843640524)
(0.63, 21.759661012048486)
(0.64, 22.1050887558691)
(0.6599999999999999, 22.79589626766452)
(0.6599999999999999, 22.79584029584441)
0.632 0.03701351104664344
21.828760953566352 1.278426873210323
talk_religion_misc.mat
使用min_hausdorff计算距离矩阵...
▇▇▇▇▇▇▇▇▇▇▇▇▇▇▇▇▇▇▇▇▇▇▇▇▇▇▇▇▇▇▇▇▇▇▇▇▇▇▇▇▇▇▇▇▇▇▇▇▇100.0%
(0.53, 18.305623453071377)
(0.55, 18.99639898096959)
(0.6599999999999999, 22.795784324024297)
(0.53, 18.30559146917417)
(0.61, 21.068781536484344)
0.576 0.05727128425310536
19.894435952744754 1.978138789136222