musk1+.mat
(0.7333333333333334, 25.328738093074794)
(0.6888888888888889, 23.79367247999621)
(0.6444444444444444, 22.258597982501726)
(0.6777777777777778, 23.40989052899875)
(0.6111111111111112, 21.107243245093468)
0.6711111111111111 0.04621474298463429
23.179628465932993 1.5962315396999474
musk2+.mat
(0.54, 18.651163140532223)
(0.56, 19.341946664404738)
(0.54, 18.651179132480827)
(0.55, 18.996566896429933)
(0.55, 18.99655890045563)
0.548 0.008366600265340762
18.92748294686067 0.2889726136781093
mutagenesis1.mat
使用ave_hausdorff计算距离矩阵...
▇▇▇▇▇▇▇▇▇▇▇▇▇▇▇▇▇▇▇▇▇▇▇▇▇▇▇▇▇▇▇▇▇▇▇▇▇▇▇▇▇▇▇▇▇▇▇▇▇100.0%
(0.6611111111111111, 22.834239813542293)
(0.65, 22.450453420336892)
(0.6555555555555556, 22.642357722459455)
(0.6611111111111111, 22.834235371334348)
(0.6444444444444444, 22.25859354029378)
0.6544444444444444 0.007243558228002956
22.60397597359335 0.25018602302707366
mutagenesis2.mat
使用ave_hausdorff计算距离矩阵...
▇▇▇▇▇▇▇▇▇▇▇▇▇▇▇▇▇▇▇▇▇▇▇▇▇▇▇▇▇▇▇▇▇▇▇▇▇▇▇▇▇▇▇▇▇▇▇▇100.0%
(0.525, 18.133057506685656)
(0.44999999999999996, 15.54258930726009)
(0.525, 18.1330375167499)
(0.5, 17.269608086748644)
(0.525, 18.133097486557165)
0.505 0.03259601202601327
17.44227798080029 1.1258539678962183
elephant+.mat
(0.785, 27.113231323066902)
(0.725, 25.040904739372262)
(0.74, 25.559014371205986)
(0.73, 25.213582629398214)
(0.7150000000000001, 24.695540963346065)
0.7390000000000001 0.027248853186877423
25.524454805277887 0.9411383426992277
tiger+.mat
(0.765, 26.42249177705305)
(0.755, 26.077100015116795)
(0.755, 26.07709201914249)
(0.74, 25.559014371205986)
(0.75, 25.90440613314224)
0.7529999999999999 0.009082951062292483
26.00802086313211 0.3137163266315093
web1+.mat
使用ave_hausdorff计算距离矩阵...
▇▇▇▇▇▇▇▇▇▇▇▇▇▇▇▇▇▇▇▇▇▇▇▇▇▇▇▇▇▇▇▇▇▇▇▇▇▇▇▇▇▇▇▇▇▇▇▇▇100.0%
(0.19090909090909092, 6.593766402664767)
(0.18181818181818177, 6.279777526347397)
(0.19090909090909092, 6.593766402664767)
(0.18181818181818177, 6.279777526347396)
(0.19090909090909092, 6.593766402664767)
0.18727272727272726 0.004979295977319724
6.468170852137819 0.1719787903647234
web2+.mat
使用ave_hausdorff计算距离矩阵...
▇▇▇▇▇▇▇▇▇▇▇▇▇▇▇▇▇▇▇▇▇▇▇▇▇▇▇▇▇▇▇▇▇▇▇▇▇▇▇▇▇▇▇▇▇▇▇▇▇100.0%
(0.19090909090909092, 6.593766402664767)
(0.17272727272727273, 5.965788650030026)
(0.19090909090909092, 6.593766402664767)
(0.18181818181818177, 6.279777526347397)
(0.17272727272727273, 5.965788650030026)
0.18181818181818182 0.009090909090909094
6.279777526347397 0.3139888763173704
web3+.mat
使用ave_hausdorff计算距离矩阵...
▇▇▇▇▇▇▇▇▇▇▇▇▇▇▇▇▇▇▇▇▇▇▇▇▇▇▇▇▇▇▇▇▇▇▇▇▇▇▇▇▇▇▇▇▇▇▇▇▇100.0%
(0.19090909090909092, 6.593766402664767)
(0.18181818181818177, 6.279777526347397)
(0.19090909090909092, 6.593766402664768)
(0.19090909090909092, 6.593766402664767)
(0.19090909090909092, 6.593766402664767)
0.1890909090909091 0.004065578140908735
6.530968627401293 0.1404200943248827
web4+.mat
使用ave_hausdorff计算距离矩阵...
▇▇▇▇▇▇▇▇▇▇▇▇▇▇▇▇▇▇▇▇▇▇▇▇▇▇▇▇▇▇▇▇▇▇▇▇▇▇▇▇▇▇▇▇▇▇▇▇▇100.0%
(0.2272727272727273, 7.849903634622928)
(0.21818181818181814, 7.535907489238011)
(0.19999999999999996, 6.907915198468176)
(0.21818181818181814, 7.535907489238012)
(0.2272727272727273, 7.849903634622928)
0.21818181818181817 0.011134044285378107
7.535907489238011 0.38456516869690516
web5+.mat
使用ave_hausdorff计算距离矩阵...
▇▇▇▇▇▇▇▇▇▇▇▇▇▇▇▇▇▇▇▇▇▇▇▇▇▇▇▇▇▇▇▇▇▇▇▇▇▇▇▇▇▇▇▇▇▇▇▇▇100.0%
(0.23636363636363633, 8.163899780007844)
(0.23636363636363633, 8.163899780007844)
(0.2272727272727273, 7.849903634622928)
(0.2272727272727273, 7.849903634622929)
(0.23636363636363633, 8.163899780007844)
0.23272727272727273 0.0049792959773196635
8.038301321853877 0.17198277179698993
web6+.mat
使用ave_hausdorff计算距离矩阵...
▇▇▇▇▇▇▇▇▇▇▇▇▇▇▇▇▇▇▇▇▇▇▇▇▇▇▇▇▇▇▇▇▇▇▇▇▇▇▇▇▇▇▇▇▇▇▇▇▇100.0%
(0.2272727272727273, 7.849903634622928)
(0.2272727272727273, 7.849903634622927)
(0.21818181818181814, 7.535907489238011)
(0.2272727272727273, 7.849903634622929)
(0.2272727272727273, 7.849903634622927)
0.2254545454545455 0.004065578140908735
7.787104405545945 0.1404233451507161
web7+.mat
使用ave_hausdorff计算距离矩阵...
▇▇▇▇▇▇▇▇▇▇▇▇▇▇▇▇▇▇▇▇▇▇▇▇▇▇▇▇▇▇▇▇▇▇▇▇▇▇▇▇▇▇▇▇▇▇▇▇▇100.0%
(0.5636363636363637, 19.467383022352404)
(0.5272727272727273, 18.211412978947827)
(0.5363636363636364, 18.525394586197653)
(0.5909090909090908, 20.409393265709795)
(0.4818181818181818, 16.6414104448206)
0.54 0.04095956482206838
18.650998859605654 1.4147342299361763
web8+.mat
使用ave_hausdorff计算距离矩阵...
▇▇▇▇▇▇▇▇▇▇▇▇▇▇▇▇▇▇▇▇▇▇▇▇▇▇▇▇▇▇▇▇▇▇▇▇▇▇▇▇▇▇▇▇▇▇▇▇▇100.0%
(0.5636363636363637, 19.467397560487495)
(0.6090909090909091, 21.037407363682274)
(0.5363636363636364, 18.525423662467837)
(0.5363636363636364, 18.525401855265198)
(0.6, 20.723433025499993)
0.5690909090909091 0.03437758254761643
19.655812693480563 1.1874052902232353
web9+.mat
使用ave_hausdorff计算距离矩阵...
▇▇▇▇▇▇▇▇▇▇▇▇▇▇▇▇▇▇▇▇▇▇▇▇▇▇▇▇▇▇▇▇▇▇▇▇▇▇▇▇▇▇▇▇▇▇▇▇▇100.0%
(0.6181818181818182, 21.35139623999964)
(0.5181818181818182, 17.897387757292723)
(0.5727272727272728, 19.781379167737317)
(0.5727272727272728, 19.781415513075057)
(0.5727272727272728, 19.7814227821426)
0.5709090909090909 0.035442888526578044
19.718600292049466 1.2242008933263586
mnist0.none
使用ave_hausdorff计算距离矩阵...
▇▇▇▇▇▇▇▇▇▇▇▇▇▇▇▇▇▇▇▇▇▇▇▇▇▇▇▇▇▇▇▇▇▇▇▇▇▇▇▇▇▇▇▇▇▇▇▇▇100.0%
(0.94, 32.46681362804677)
(0.925, 31.948723986148817)
(0.9, 31.085250578288896)
(0.95, 32.812213385957335)
(0.945, 32.63951150800848)
0.932 0.020186629238186315
32.19050261729005 0.6972302372027481
mnist1.none
使用ave_hausdorff计算距离矩阵...
▇▇▇▇▇▇▇▇▇▇▇▇▇▇▇▇▇▇▇▇▇▇▇▇▇▇▇▇▇▇▇▇▇▇▇▇▇▇▇▇▇▇▇▇▇▇▇▇▇100.0%
(0.965, 33.33029503188099)
(0.96, 33.1576051478936)
(0.965, 33.3303030278553)
(0.955, 32.98489927195759)
(0.97, 33.50298891385555)
0.9629999999999999 0.005700877125495695
33.26121827868861 0.1969043008557814
mnist2.none
使用ave_hausdorff计算距离矩阵...
▇▇▇▇▇▇▇▇▇▇▇▇▇▇▇▇▇▇▇▇▇▇▇▇▇▇▇▇▇▇▇▇▇▇▇▇▇▇▇▇▇▇▇▇▇▇▇▇▇100.0%
(0.89, 30.73986281433979)
(0.875, 30.221769174454675)
(0.92, 31.77603810014856)
(0.865, 29.876385408492723)
(0.915, 31.603336222199708)
0.893 0.024135036772294362
30.843478343927092 0.8336034592720948
mnist3.none
使用ave_hausdorff计算距离矩阵...
▇▇▇▇▇▇▇▇▇▇▇▇▇▇▇▇▇▇▇▇▇▇▇▇▇▇▇▇▇▇▇▇▇▇▇▇▇▇▇▇▇▇▇▇▇▇▇▇▇100.0%
(0.87, 30.04907529248013)
(0.875, 30.221773172441825)
(0.9, 31.085262572250354)
(0.865, 29.876377412518423)
(0.88, 30.39447105240353)
0.8779999999999999 0.013509256086106309
30.325391900418857 0.466603977186062
mnist4.none
使用ave_hausdorff计算距离矩阵...
▇▇▇▇▇▇▇▇▇▇▇▇▇▇▇▇▇▇▇▇▇▇▇▇▇▇▇▇▇▇▇▇▇▇▇▇▇▇▇▇▇▇▇▇▇▇▇▇▇100.0%
(0.87, 30.049087286441576)
(0.84, 29.0128960086842)
(0.885, 30.567164934378088)
(0.865, 29.876385408492723)
(0.865, 29.87637741251842)
0.865 0.016201851746019666
29.876382210103003 0.5596016966611025
mnist5.none
使用ave_hausdorff计算距离矩阵...
▇▇▇▇▇▇▇▇▇▇▇▇▇▇▇▇▇▇▇▇▇▇▇▇▇▇▇▇▇▇▇▇▇▇▇▇▇▇▇▇▇▇▇▇▇▇▇▇▇100.0%
(0.855, 29.53098964856931)
(0.825, 28.494814362760543)
(0.835, 28.840202126709645)
(0.8200000000000001, 28.322108486824536)
(0.84, 29.01289201069705)
0.835 0.013693063937629136
28.840201327112215 0.472948972818571
mnist6.none
使用ave_hausdorff计算距离矩阵...
▇▇▇▇▇▇▇▇▇▇▇▇▇▇▇▇▇▇▇▇▇▇▇▇▇▇▇▇▇▇▇▇▇▇▇▇▇▇▇▇▇▇▇▇▇▇▇▇▇100.0%
(0.945, 32.63952749995708)
(0.94, 32.46681362804677)
(0.94, 32.46683361798253)
(0.9299999999999999, 32.12143386007197)
(0.945, 32.63952350196994)
0.9400000000000001 0.006123724356957951
32.46682642160566 0.2115100268358215
mnist7.none
使用ave_hausdorff计算距离矩阵...
▇▇▇▇▇▇▇▇▇▇▇▇▇▇▇▇▇▇▇▇▇▇▇▇▇▇▇▇▇▇▇▇▇▇▇▇▇▇▇▇▇▇▇▇▇▇▇▇▇100.0%
(0.94, 32.46683361798253)
(0.905, 31.257952456237753)
(0.94, 32.46682562200823)
(0.89, 30.73987081031409)
(0.935, 32.29412374405937)
0.922 0.023075961518428632
31.845121250120393 0.7970243975472511
mnist8.none
使用ave_hausdorff计算距离矩阵...
▇▇▇▇▇▇▇▇▇▇▇▇▇▇▇▇▇▇▇▇▇▇▇▇▇▇▇▇▇▇▇▇▇▇▇▇▇▇▇▇▇▇▇▇▇▇▇▇▇100.0%
(0.86, 29.703683530543866)
(0.835, 28.840198128722495)
(0.85, 29.35829576659476)
(0.85, 29.358299764581915)
(0.835, 28.84021012268395)
0.8460000000000001 0.010839741694339409
29.2201374626254 0.3743968547940119
mnist9.none
使用ave_hausdorff计算距离矩阵...
▇▇▇▇▇▇▇▇▇▇▇▇▇▇▇▇▇▇▇▇▇▇▇▇▇▇▇▇▇▇▇▇▇▇▇▇▇▇▇▇▇▇▇▇▇▇▇▇▇100.0%
(0.865, 29.876381410505573)
(0.86, 29.70369152651817)
(0.855, 29.530993646556464)
(0.87, 30.04908328845443)
(0.865, 29.876393404467027)
0.8630000000000001 0.005700877125495695
29.807308655300336 0.19690430083548818
fashion_mnist0.none
使用ave_hausdorff计算距离矩阵...
▇▇▇▇▇▇▇▇▇▇▇▇▇▇▇▇▇▇▇▇▇▇▇▇▇▇▇▇▇▇▇▇▇▇▇▇▇▇▇▇▇▇▇▇▇▇▇▇▇100.0%
(0.645, 22.277770643882203)
(0.625, 21.586987120009688)
(0.625, 21.586979124035388)
(0.63, 21.75967700399709)
(0.635, 21.93237488395879)
0.632 0.008366600265340762
21.828757755176632 0.2889771532015424
fashion_mnist1.none
使用ave_hausdorff计算距离矩阵...
▇▇▇▇▇▇▇▇▇▇▇▇▇▇▇▇▇▇▇▇▇▇▇▇▇▇▇▇▇▇▇▇▇▇▇▇▇▇▇▇▇▇▇▇▇▇▇▇▇100.0%
(0.945, 32.63952350196993)
(0.945, 32.63952350196993)
(0.945, 32.63951950398278)
(0.925, 31.948731982123117)
(0.945, 32.63953149794423)
0.9410000000000001 0.008944271909999118
32.501365997598 0.30893180635084705
fashion_mnist2.none
使用ave_hausdorff计算距离矩阵...
▇▇▇▇▇▇▇▇▇▇▇▇▇▇▇▇▇▇▇▇▇▇▇▇▇▇▇▇▇▇▇▇▇▇▇▇▇▇▇▇▇▇▇▇▇▇▇▇▇100.0%
(0.7150000000000001, 24.695508979448856)
(0.7050000000000001, 24.350121215499748)
(0.7, 24.17741933755089)
(0.7050000000000001, 24.350125213486898)
(0.69, 23.832043567563236)
0.7030000000000001 0.009082951062292531
24.281043662709926 0.31371346557929497
fashion_mnist3.none
使用ave_hausdorff计算距离矩阵...
▇▇▇▇▇▇▇▇▇▇▇▇▇▇▇▇▇▇▇▇▇▇▇▇▇▇▇▇▇▇▇▇▇▇▇▇▇▇▇▇▇▇▇▇▇▇▇▇▇100.0%
(0.845, 29.18560188462021)
(0.835, 28.8402141206711)
(0.83, 28.667512242722246)
(0.835, 28.84021811865825)
(0.83, 28.667512242722243)
0.835 0.006123724356957951
28.84021172187881 0.21150921065470216
fashion_mnist4.none
使用ave_hausdorff计算距离矩阵...
▇▇▇▇▇▇▇▇▇▇▇▇▇▇▇▇▇▇▇▇▇▇▇▇▇▇▇▇▇▇▇▇▇▇▇▇▇▇▇▇▇▇▇▇▇▇▇▇▇100.0%
(0.8, 27.631340954900626)
(0.8049999999999999, 27.804038834862332)
(0.79, 27.285953190951517)
(0.795, 27.45863907695177)
(0.785, 27.11325531098981)
0.795 0.00790569415042092
27.458645473731213 0.27305553108337727
fashion_mnist5.none
使用ave_hausdorff计算距离矩阵...
▇▇▇▇▇▇▇▇▇▇▇▇▇▇▇▇▇▇▇▇▇▇▇▇▇▇▇▇▇▇▇▇▇▇▇▇▇▇▇▇▇▇▇▇▇▇▇▇▇100.0%
(0.84, 29.012912000632806)
(0.835, 28.840218118658253)
(0.84, 29.012904004658502)
(0.825, 28.494826356721997)
(0.8200000000000001, 28.32212847676029)
0.8320000000000001 0.009082951062292446
28.73659779148637 0.31371566638218784
fashion_mnist6.none
使用ave_hausdorff计算距离矩阵...
▇▇▇▇▇▇▇▇▇▇▇▇▇▇▇▇▇▇▇▇▇▇▇▇▇▇▇▇▇▇▇▇▇▇▇▇▇▇▇▇▇▇▇▇▇▇▇▇▇100.0%
(0.635, 21.932378881945944)
(0.635, 21.93237088597164)
(0.635, 21.932382879933094)
(0.64, 22.105076761907654)
(0.64, 22.105068765933346)
0.637 0.002738612787525833
22.001455635138335 0.09458906477066763
fashion_mnist7.none
使用ave_hausdorff计算距离矩阵...
▇▇▇▇▇▇▇▇▇▇▇▇▇▇▇▇▇▇▇▇▇▇▇▇▇▇▇▇▇▇▇▇▇▇▇▇▇▇▇▇▇▇▇▇▇▇▇▇▇100.0%
(0.73, 25.21360661732112)
(0.745, 25.731692261231927)
(0.73, 25.21361061530827)
(0.745, 25.731688263244777)
(0.735, 25.386300499295675)
0.737 0.007582875444051557
25.455379651280353 0.26190337121140855
fashion_mnist8.none
使用ave_hausdorff计算距离矩阵...
▇▇▇▇▇▇▇▇▇▇▇▇▇▇▇▇▇▇▇▇▇▇▇▇▇▇▇▇▇▇▇▇▇▇▇▇▇▇▇▇▇▇▇▇▇▇▇▇▇100.0%
(0.75, 25.904382145219333)
(0.75, 25.904378147232183)
(0.75, 25.904382145219333)
(0.76, 26.24977390715559)
(0.745, 25.73168826324478)
0.751 0.005477225575051666
25.938920921614244 0.18917849423663857
fashion_mnist9.none
使用ave_hausdorff计算距离矩阵...
▇▇▇▇▇▇▇▇▇▇▇▇▇▇▇▇▇▇▇▇▇▇▇▇▇▇▇▇▇▇▇▇▇▇▇▇▇▇▇▇▇▇▇▇▇▇▇▇▇100.0%
(0.9, 31.085254576276053)
(0.905, 31.257952456237753)
(0.92, 31.776050094110015)
(0.905, 31.257952456237753)
(0.9299999999999999, 32.121441856046275)
0.9119999999999999 0.012549900398011104
31.499730287781574 0.4334688756311153
alt_atheism.mat
使用ave_hausdorff计算距离矩阵...
▇▇▇▇▇▇▇▇▇▇▇▇▇▇▇▇▇▇▇▇▇▇▇▇▇▇▇▇▇▇▇▇▇▇▇▇▇▇▇▇▇▇▇▇▇▇▇▇▇100.0%
(0.65, 22.4504365399467)
(0.62, 21.414305231996586)
(0.5800000000000001, 20.032730188277252)
(0.55, 18.99650292863552)
(0.5900000000000001, 20.378053984431943)
0.5980000000000001 0.03834057902536161
20.6544057746576 1.3242607738507766
comp_graphics.mat
使用ave_hausdorff计算距离矩阵...
▇▇▇▇▇▇▇▇▇▇▇▇▇▇▇▇▇▇▇▇▇▇▇▇▇▇▇▇▇▇▇▇▇▇▇▇▇▇▇▇▇▇▇▇▇▇▇▇▇100.0%
(0.5800000000000001, 20.032634236585633)
(0.63, 21.759589048279768)
(0.61, 21.068797528432953)
(0.63, 21.759629028151277)
(0.65, 22.45039656007519)
0.6199999999999999 0.026457513110645887
21.414209280304966 0.9138305292620628
comp_os_ms-windows_misc.mat
使用ave_hausdorff计算距离矩阵...
▇▇▇▇▇▇▇▇▇▇▇▇▇▇▇▇▇▇▇▇▇▇▇▇▇▇▇▇▇▇▇▇▇▇▇▇▇▇▇▇▇▇▇▇▇▇▇▇▇100.0%
(0.6599999999999999, 22.795848291818714)
(0.61, 21.06891746804748)
(0.6, 20.723473732278258)
(0.61, 21.06892546402178)
(0.61, 21.068885484150268)
0.618 0.02387467277262662
21.345210088063304 0.8246110274523776
comp_sys_ibm_pc_hardware.mat
使用ave_hausdorff计算距离矩阵...
▇▇▇▇▇▇▇▇▇▇▇▇▇▇▇▇▇▇▇▇▇▇▇▇▇▇▇▇▇▇▇▇▇▇▇▇▇▇▇▇▇▇▇▇▇▇▇▇▇100.0%
(0.5700000000000001, 19.687238476662223)
(0.5700000000000001, 19.68723847666222)
(0.62, 21.414217276279263)
(0.53, 18.305639445019985)
(0.5800000000000001, 20.032618244637025)
0.5740000000000001 0.032093613071762415
19.825390383852145 1.1085045213469757
comp_sys_mac_hardware.mat
使用ave_hausdorff计算距离矩阵...
▇▇▇▇▇▇▇▇▇▇▇▇▇▇▇▇▇▇▇▇▇▇▇▇▇▇▇▇▇▇▇▇▇▇▇▇▇▇▇▇▇▇▇▇▇▇▇▇▇100.0%
(0.54, 18.651083180789204)
(0.51, 17.614927884916185)
(0.61, 21.068837508304465)
(0.5900000000000001, 20.378109956252057)
(0.69, 23.83200358769173)
0.588 0.0694262198308391
20.30899242359073 2.3979364172333426
comp_windows_x.mat
使用ave_hausdorff计算距离矩阵...
▇▇▇▇▇▇▇▇▇▇▇▇▇▇▇▇▇▇▇▇▇▇▇▇▇▇▇▇▇▇▇▇▇▇▇▇▇▇▇▇▇▇▇▇▇▇▇▇▇100.0%
(0.62, 21.41419328835636)
(0.61, 21.068781536484348)
(0.61, 21.068821516355857)
(0.61, 21.068805524407253)
(0.53, 18.305639445019985)
0.5959999999999999 0.037148351242013405
20.585248262124757 1.283086255972551
misc_forsale.mat
使用ave_hausdorff计算距离矩阵...
▇▇▇▇▇▇▇▇▇▇▇▇▇▇▇▇▇▇▇▇▇▇▇▇▇▇▇▇▇▇▇▇▇▇▇▇▇▇▇▇▇▇▇▇▇▇▇▇▇100.0%
(0.63, 21.759669008022787)
(0.52, 17.960403604582613)
(0.5700000000000001, 19.68735841627675)
(0.64, 22.105072763920496)
(0.64, 22.1050807598948)
0.6 0.053385391260156546
20.72351691053949 1.8438713337543773
rec_autos.mat
使用ave_hausdorff计算距离矩阵...
▇▇▇▇▇▇▇▇▇▇▇▇▇▇▇▇▇▇▇▇▇▇▇▇▇▇▇▇▇▇▇▇▇▇▇▇▇▇▇▇▇▇▇▇▇▇▇▇▇100.0%
(0.56, 19.341866704661715)
(0.5900000000000001, 20.378037992483343)
(0.62, 21.41428924004798)
(0.6799999999999999, 23.486631815691226)
(0.6, 20.723505716175467)
0.6100000000000001 0.044721359549995746
21.068866293811944 1.54466439575087
rec_motorcycles.mat
使用ave_hausdorff计算距离矩阵...
▇▇▇▇▇▇▇▇▇▇▇▇▇▇▇▇▇▇▇▇▇▇▇▇▇▇▇▇▇▇▇▇▇▇▇▇▇▇▇▇▇▇▇▇▇▇▇▇▇100.0%
(0.5800000000000001, 20.032730188277256)
(0.63, 21.759669008022787)
(0.63, 21.759637024125578)
(0.5900000000000001, 20.37810196027776)
(0.5800000000000001, 20.032698204380043)
0.602 0.02588435821108953
20.792567277016683 0.8940140605216219
rec_sport_baseball.mat
使用ave_hausdorff计算距离矩阵...
▇▇▇▇▇▇▇▇▇▇▇▇▇▇▇▇▇▇▇▇▇▇▇▇▇▇▇▇▇▇▇▇▇▇▇▇▇▇▇▇▇▇▇▇▇▇▇▇▇100.0%
(0.6799999999999999, 23.486639811665533)
(0.6799999999999999, 23.486615823742618)
(0.6799999999999999, 23.48661582374262)
(0.5900000000000001, 20.378109956252057)
(0.64, 22.10504078002329)
0.654 0.039749213828703514
22.588604439085223 1.372901680324858
rec_sport_hockey.mat
使用ave_hausdorff计算距离矩阵...
▇▇▇▇▇▇▇▇▇▇▇▇▇▇▇▇▇▇▇▇▇▇▇▇▇▇▇▇▇▇▇▇▇▇▇▇▇▇▇▇▇▇▇▇▇▇▇▇▇100.0%
(0.65, 22.450492511766814)
(0.7, 24.177399347615136)
(0.6599999999999999, 22.79585628779301)
(0.6799999999999999, 23.48660782776832)
(0.61, 21.068901476098873)
0.6599999999999999 0.03391164991562632
22.79585149020843 1.1712651253484911
sci_crypt.mat
使用ave_hausdorff计算距离矩阵...
▇▇▇▇▇▇▇▇▇▇▇▇▇▇▇▇▇▇▇▇▇▇▇▇▇▇▇▇▇▇▇▇▇▇▇▇▇▇▇▇▇▇▇▇▇▇▇▇▇100.0%
(0.6699999999999999, 23.141268039665025)
(0.6, 20.72356968396988)
(0.5900000000000001, 20.378093964303453)
(0.6, 20.723449744355356)
(0.61, 21.06883750830446)
0.614 0.03209361307176238
21.20704378811963 1.1085004115920807
sci_electronics.mat
使用ave_hausdorff计算距离矩阵...
▇▇▇▇▇▇▇▇▇▇▇▇▇▇▇▇▇▇▇▇▇▇▇▇▇▇▇▇▇▇▇▇▇▇▇▇▇▇▇▇▇▇▇▇▇▇▇▇▇100.0%
(0.54, 18.65099522507188)
(0.48, 16.57862066553143)
(0.48, 16.578620665531428)
(0.49, 16.924016425454838)
(0.47, 16.233224905608022)
0.492 0.02774887385102324
16.993095577439522 0.9584343370792962
sci_med.mat
使用ave_hausdorff计算距离矩阵...
▇▇▇▇▇▇▇▇▇▇▇▇▇▇▇▇▇▇▇▇▇▇▇▇▇▇▇▇▇▇▇▇▇▇▇▇▇▇▇▇▇▇▇▇▇▇▇▇▇100.0%
(0.61, 21.06888548415027)
(0.63, 21.759669008022787)
(0.64, 22.105064767946196)
(0.63, 21.75967700399709)
(0.62, 21.41432921991949)
0.626 0.01140175425099139
21.62152509680717 0.3938022905304827
sci_religion_christian.mat
使用ave_hausdorff计算距离矩阵...
▇▇▇▇▇▇▇▇▇▇▇▇▇▇▇▇▇▇▇▇▇▇▇▇▇▇▇▇▇▇▇▇▇▇▇▇▇▇▇▇▇▇▇▇▇▇▇▇▇100.0%
(0.6599999999999999, 22.79585628779301)
(0.64, 22.105104747817705)
(0.64, 22.105064767946196)
(0.65, 22.4504525318953)
(0.65, 22.4504525318953)
0.6479999999999999 0.008366600265340725
22.381386173469508 0.2889683134490309
sci_space.mat
使用ave_hausdorff计算距离矩阵...
▇▇▇▇▇▇▇▇▇▇▇▇▇▇▇▇▇▇▇▇▇▇▇▇▇▇▇▇▇▇▇▇▇▇▇▇▇▇▇▇▇▇▇▇▇▇▇▇▇100.0%
(0.62, 21.414265252125077)
(0.6599999999999999, 22.795880275715916)
(0.62, 21.414265252125077)
(0.65, 22.45040455604949)
(0.62, 21.41428124407368)
0.634 0.01949358868961791
21.89781931601785 0.6732982376459475
talk_politics_guns.mat
使用ave_hausdorff计算距离矩阵...
▇▇▇▇▇▇▇▇▇▇▇▇▇▇▇▇▇▇▇▇▇▇▇▇▇▇▇▇▇▇▇▇▇▇▇▇▇▇▇▇▇▇▇▇▇▇▇▇▇100.0%
(0.6, 20.723505716175467)
(0.5900000000000001, 20.378077972354852)
(0.63, 21.759661012048486)
(0.65, 22.450444535921)
(0.6, 20.72351371214977)
0.614 0.025099800796022264
21.207040589729914 0.8669235751867284
talk_politics_mideast.mat
使用ave_hausdorff计算距离矩阵...
▇▇▇▇▇▇▇▇▇▇▇▇▇▇▇▇▇▇▇▇▇▇▇▇▇▇▇▇▇▇▇▇▇▇▇▇▇▇▇▇▇▇▇▇▇▇▇▇▇100.0%
(0.6599999999999999, 22.795872279741616)
(0.61, 21.068853500253063)
(0.5800000000000001, 20.032706200354347)
(0.63, 21.75964502009988)
(0.5800000000000001, 20.032682212431443)
0.612 0.03420526275297408
21.13795184257607 1.1814362074222189
talk_politics_misc.mat
使用ave_hausdorff计算距离矩阵...
▇▇▇▇▇▇▇▇▇▇▇▇▇▇▇▇▇▇▇▇▇▇▇▇▇▇▇▇▇▇▇▇▇▇▇▇▇▇▇▇▇▇▇▇▇▇▇▇▇100.0%
(0.64, 22.1050967518434)
(0.5700000000000001, 19.687310440430938)
(0.6, 20.723545696046973)
(0.6799999999999999, 23.48659983179402)
(0.5800000000000001, 20.032666220482838)
0.6140000000000001 0.045607017003965473
21.207043788119634 1.5752299361036928
talk_religion_misc.mat
使用ave_hausdorff计算距离矩阵...
▇▇▇▇▇▇▇▇▇▇▇▇▇▇▇▇▇▇▇▇▇▇▇▇▇▇▇▇▇▇▇▇▇▇▇▇▇▇▇▇▇▇▇▇▇▇▇▇▇100.0%
(0.51, 17.61487191309607)
(0.62, 21.414233268227868)
(0.5800000000000001, 20.032618244637025)
(0.6599999999999999, 22.79584029584441)
(0.62, 21.41422527225357)
0.5980000000000001 0.0567450438364444
20.65435779881179 1.959961167600182