musk1+.mat
(0.6111111111111112, 21.107269898341144)
(0.6333333333333333, 21.87479826267249)
(0.5444444444444445, 18.80470257417888)
(0.5666666666666667, 19.572222054094336)
(0.6555555555555556, 22.64235328025151)
0.6022222222222222 0.04608098078517269
20.800269213907672 1.5915811198839311
musk2+.mat
(0.55, 18.99655890045563)
(0.55, 18.99655890045563)
(0.51, 17.6149918527106)
(0.53, 18.305767380608813)
(0.5800000000000001, 20.03271419632865)
0.544 0.026076809620810618
18.789318246111865 0.9006656960838388
mutagenesis1.mat
使用simpler计算距离矩阵...
▇▇▇▇▇▇▇▇▇▇▇▇▇▇▇▇▇▇▇▇▇▇▇▇▇▇▇▇▇▇▇▇▇▇▇▇▇▇▇▇▇▇▇▇▇▇▇▇▇100.0%
(0.4722222222222222, 16.310159872566924)
(0.4666666666666667, 16.118286665899976)
(0.48888888888888893, 16.885832799063106)
(0.48888888888888893, 16.885823914647215)
(0.4833333333333333, 16.69393293914849)
0.48 0.010092167846991651
16.578807238265142 0.34857870927238677
mutagenesis2.mat
使用simpler计算距离矩阵...
▇▇▇▇▇▇▇▇▇▇▇▇▇▇▇▇▇▇▇▇▇▇▇▇▇▇▇▇▇▇▇▇▇▇▇▇▇▇▇▇▇▇▇▇▇▇▇▇100.0%
(0.525, 18.1330375167499)
(0.5, 17.269568106877134)
(0.5, 17.26958809681289)
(0.55, 18.996546906494178)
(0.475, 16.406098697004367)
0.51 0.028504385627478476
17.614967864787694 0.9845188741810649
elephant+.mat
(0.735, 25.386296501308525)
(0.72, 24.868226849346314)
(0.735, 25.38632848520573)
(0.745, 25.731676269283327)
(0.76, 26.249817885014252)
0.7390000000000001 0.014747881203752639
25.52446919803163 0.5093854284704075
tiger+.mat
(0.725, 25.040912735346566)
(0.72, 24.868222851359167)
(0.755, 26.07708002518104)
(0.735, 25.386308495269976)
(0.75, 25.90439413918079)
0.7369999999999999 0.015247950681976919
25.455383649267507 0.526647918884806
web1+.mat
使用simpler计算距离矩阵...
▇▇▇▇▇▇▇▇▇▇▇▇▇▇▇▇▇▇▇▇▇▇▇▇▇▇▇▇▇▇▇▇▇▇▇▇▇▇▇▇▇▇▇▇▇▇▇▇▇100.0%
(0.19090909090909092, 6.593766402664767)
(0.19090909090909092, 6.593766402664767)
(0.18181818181818177, 6.279777526347397)
(0.18181818181818177, 6.279777526347396)
(0.19090909090909092, 6.593766402664767)
0.18727272727272726 0.004979295977319724
6.468170852137819 0.1719787903647234
web2+.mat
使用simpler计算距离矩阵...
▇▇▇▇▇▇▇▇▇▇▇▇▇▇▇▇▇▇▇▇▇▇▇▇▇▇▇▇▇▇▇▇▇▇▇▇▇▇▇▇▇▇▇▇▇▇▇▇▇100.0%
(0.19090909090909092, 6.593766402664768)
(0.18181818181818177, 6.279777526347397)
(0.18181818181818177, 6.279777526347397)
(0.19090909090909092, 6.593766402664768)
(0.19090909090909092, 6.593766402664767)
0.18727272727272726 0.004979295977319724
6.46817085213782 0.17197879036472347
web3+.mat
使用simpler计算距离矩阵...
▇▇▇▇▇▇▇▇▇▇▇▇▇▇▇▇▇▇▇▇▇▇▇▇▇▇▇▇▇▇▇▇▇▇▇▇▇▇▇▇▇▇▇▇▇▇▇▇▇100.0%
(0.18181818181818177, 6.279777526347397)
(0.17272727272727273, 5.965788650030026)
(0.18181818181818177, 6.279777526347397)
(0.18181818181818177, 6.279777526347396)
(0.18181818181818177, 6.279777526347396)
0.17999999999999997 0.004065578140908685
6.2169797510839215 0.14042009432488278
web4+.mat
使用simpler计算距离矩阵...
▇▇▇▇▇▇▇▇▇▇▇▇▇▇▇▇▇▇▇▇▇▇▇▇▇▇▇▇▇▇▇▇▇▇▇▇▇▇▇▇▇▇▇▇▇▇▇▇▇100.0%
(0.21818181818181814, 7.535907489238012)
(0.2272727272727273, 7.849903634622927)
(0.2272727272727273, 7.849889096487833)
(0.21818181818181814, 7.535907489238011)
(0.21818181818181814, 7.535907489238012)
0.22181818181818178 0.004979295977319724
7.661503039764959 0.1719787904415332
web5+.mat
使用simpler计算距离矩阵...
▇▇▇▇▇▇▇▇▇▇▇▇▇▇▇▇▇▇▇▇▇▇▇▇▇▇▇▇▇▇▇▇▇▇▇▇▇▇▇▇▇▇▇▇▇▇▇▇▇100.0%
(0.2545454545454545, 8.791870263575039)
(0.21818181818181814, 7.535907489238012)
(0.21818181818181814, 7.535907489238011)
(0.2727272727272727, 9.419855285277324)
(0.26363636363636367, 9.105859139892408)
0.24545454545454543 0.02571297386132902
8.477879933444159 0.8881004371544489
web6+.mat
使用simpler计算距离矩阵...
▇▇▇▇▇▇▇▇▇▇▇▇▇▇▇▇▇▇▇▇▇▇▇▇▇▇▇▇▇▇▇▇▇▇▇▇▇▇▇▇▇▇▇▇▇▇▇▇▇100.0%
(0.2272727272727273, 7.849903634622928)
(0.2272727272727273, 7.849903634622927)
(0.21818181818181814, 7.535907489238012)
(0.21818181818181814, 7.535907489238012)
(0.2272727272727273, 7.849903634622929)
0.22363636363636363 0.004979295977319724
7.724305176468961 0.17198277179699017
web7+.mat
使用simpler计算距离矩阵...
▇▇▇▇▇▇▇▇▇▇▇▇▇▇▇▇▇▇▇▇▇▇▇▇▇▇▇▇▇▇▇▇▇▇▇▇▇▇▇▇▇▇▇▇▇▇▇▇▇100.0%
(0.5363636363636364, 18.525409124332747)
(0.5727272727272728, 19.78137189866977)
(0.4818181818181818, 16.641432252023243)
(0.5, 17.26939546652289)
(0.509090909090909, 17.583427957245544)
0.5199999999999999 0.035442888526578065
17.96020733975884 1.2241777737773292
web8+.mat
使用simpler计算距离矩阵...
▇▇▇▇▇▇▇▇▇▇▇▇▇▇▇▇▇▇▇▇▇▇▇▇▇▇▇▇▇▇▇▇▇▇▇▇▇▇▇▇▇▇▇▇▇▇▇▇▇100.0%
(0.5818181818181818, 20.095411658459973)
(0.6181818181818182, 21.351396239999637)
(0.6545454545454545, 22.607417166877042)
(0.5363636363636364, 18.525423662467837)
(0.6090909090909091, 21.037392825547176)
0.6 0.04406981688560299
20.72340831067033 1.5221662847856288
web9+.mat
使用simpler计算距离矩阵...
▇▇▇▇▇▇▇▇▇▇▇▇▇▇▇▇▇▇▇▇▇▇▇▇▇▇▇▇▇▇▇▇▇▇▇▇▇▇▇▇▇▇▇▇▇▇▇▇▇100.0%
(0.5909090909090908, 20.409385996642246)
(0.5181818181818182, 17.897409564495366)
(0.5, 17.26941000465798)
(0.5636363636363637, 19.467397560487495)
(0.5363636363636364, 18.52543093153539)
0.5418181818181818 0.036135648935185054
18.713806811563693 1.2481145643261065
mnist0.none
使用simpler计算距离矩阵...
▇▇▇▇▇▇▇▇▇▇▇▇▇▇▇▇▇▇▇▇▇▇▇▇▇▇▇▇▇▇▇▇▇▇▇▇▇▇▇▇▇▇▇▇▇▇▇▇▇100.0%
(0.875, 30.221777170428982)
(0.885, 30.56717293035239)
(0.88, 30.39447105240353)
(0.87, 30.049083288454426)
(0.875, 30.22178116841613)
0.877 0.005700877125495695
30.29085712201109 0.19690377483621266
mnist1.none
使用simpler计算距离矩阵...
▇▇▇▇▇▇▇▇▇▇▇▇▇▇▇▇▇▇▇▇▇▇▇▇▇▇▇▇▇▇▇▇▇▇▇▇▇▇▇▇▇▇▇▇▇▇▇▇▇100.0%
(0.825, 28.494818360747693)
(0.8200000000000001, 28.32212447877314)
(0.84, 29.012908002645656)
(0.8200000000000001, 28.32212447877314)
(0.84, 29.012912000632806)
0.829 0.010246950765959559
28.63297746431449 0.35392250598907393
mnist2.none
使用simpler计算距离矩阵...
▇▇▇▇▇▇▇▇▇▇▇▇▇▇▇▇▇▇▇▇▇▇▇▇▇▇▇▇▇▇▇▇▇▇▇▇▇▇▇▇▇▇▇▇▇▇▇▇▇100.0%
(0.86, 29.70369152651817)
(0.84, 29.012915998619956)
(0.84, 29.012904004658502)
(0.845, 29.185601884620205)
(0.845, 29.185605882607362)
0.8459999999999999 0.008215838362577499
29.220143859404846 0.28376755889054356
mnist3.none
使用simpler计算距离矩阵...
▇▇▇▇▇▇▇▇▇▇▇▇▇▇▇▇▇▇▇▇▇▇▇▇▇▇▇▇▇▇▇▇▇▇▇▇▇▇▇▇▇▇▇▇▇▇▇▇▇100.0%
(0.8200000000000001, 28.32212847676029)
(0.81, 27.97674071281118)
(0.83, 28.667516240709396)
(0.81, 27.97673671482403)
(0.81, 27.97673671482403)
0.8160000000000001 0.008944271909999123
28.183971771985785 0.3089255484852508
mnist4.none
使用simpler计算距离矩阵...
▇▇▇▇▇▇▇▇▇▇▇▇▇▇▇▇▇▇▇▇▇▇▇▇▇▇▇▇▇▇▇▇▇▇▇▇▇▇▇▇▇▇▇▇▇▇▇▇▇100.0%
(0.8049999999999999, 27.804038834862332)
(0.81, 27.97673671482403)
(0.8049999999999999, 27.80403083888803)
(0.8049999999999999, 27.804034836875175)
(0.79, 27.285953190951513)
0.8029999999999999 0.007582875444051535
27.734958883280218 0.26190508476198665
mnist5.none
使用simpler计算距离矩阵...
▇▇▇▇▇▇▇▇▇▇▇▇▇▇▇▇▇▇▇▇▇▇▇▇▇▇▇▇▇▇▇▇▇▇▇▇▇▇▇▇▇▇▇▇▇▇▇▇▇100.0%
(0.73, 25.21360261933397)
(0.73, 25.21359862134682)
(0.75, 25.904386143206484)
(0.73, 25.21359862134682)
(0.74, 25.55899038328308)
0.736 0.008944271909999166
25.420835277703436 0.3089286774067306
mnist6.none
使用simpler计算距离矩阵...
▇▇▇▇▇▇▇▇▇▇▇▇▇▇▇▇▇▇▇▇▇▇▇▇▇▇▇▇▇▇▇▇▇▇▇▇▇▇▇▇▇▇▇▇▇▇▇▇▇100.0%
(0.85, 29.35829976458191)
(0.835, 28.84021811865825)
(0.81, 27.976732716836878)
(0.84, 29.012912000632806)
(0.845, 29.185605882607362)
0.836 0.015572411502397404
28.87475369666344 0.5378587139337877
mnist7.none
使用simpler计算距离矩阵...
▇▇▇▇▇▇▇▇▇▇▇▇▇▇▇▇▇▇▇▇▇▇▇▇▇▇▇▇▇▇▇▇▇▇▇▇▇▇▇▇▇▇▇▇▇▇▇▇▇100.0%
(0.8, 27.631336956913472)
(0.8200000000000001, 28.32212447877314)
(0.8, 27.631336956913472)
(0.8200000000000001, 28.32213247474744)
(0.815, 28.14942260082428)
0.8109999999999999 0.010246950765959597
28.011270693634355 0.353924554371942
mnist8.none
使用simpler计算距离矩阵...
▇▇▇▇▇▇▇▇▇▇▇▇▇▇▇▇▇▇▇▇▇▇▇▇▇▇▇▇▇▇▇▇▇▇▇▇▇▇▇▇▇▇▇▇▇▇▇▇▇100.0%
(0.77, 26.595161671104698)
(0.74, 25.558982387308774)
(0.79, 27.285957188938667)
(0.78, 26.94055343304096)
(0.775, 26.767855553079254)
0.771 0.018841443681416787
26.629702046694472 0.6507725051780386
mnist9.none
使用simpler计算距离矩阵...
▇▇▇▇▇▇▇▇▇▇▇▇▇▇▇▇▇▇▇▇▇▇▇▇▇▇▇▇▇▇▇▇▇▇▇▇▇▇▇▇▇▇▇▇▇▇▇▇▇100.0%
(0.76, 26.249781903129897)
(0.75, 25.904374149245033)
(0.74, 25.558986385295924)
(0.755, 26.07707202920674)
(0.755, 26.07708002518104)
0.752 0.007582875444051557
25.973458898411725 0.2619100935524052
fashion_mnist0.none
使用simpler计算距离矩阵...
▇▇▇▇▇▇▇▇▇▇▇▇▇▇▇▇▇▇▇▇▇▇▇▇▇▇▇▇▇▇▇▇▇▇▇▇▇▇▇▇▇▇▇▇▇▇▇▇▇100.0%
(0.5349999999999999, 18.478461262583366)
(0.56, 19.341934670443287)
(0.605, 20.89619959815002)
(0.51, 17.6149918527106)
(0.605, 20.896199598150023)
0.563 0.042219663665169105
19.44555739640746 1.458227383342268
fashion_mnist1.none
使用simpler计算距离矩阵...
▇▇▇▇▇▇▇▇▇▇▇▇▇▇▇▇▇▇▇▇▇▇▇▇▇▇▇▇▇▇▇▇▇▇▇▇▇▇▇▇▇▇▇▇▇▇▇▇▇100.0%
(0.925, 31.948735980110268)
(0.935, 32.29413174003368)
(0.94, 32.46682562200823)
(0.925, 31.948731982123117)
(0.915, 31.603348216161166)
0.9279999999999999 0.009746794344808938
32.05235470808729 0.3366465548534881
fashion_mnist2.none
使用simpler计算距离矩阵...
▇▇▇▇▇▇▇▇▇▇▇▇▇▇▇▇▇▇▇▇▇▇▇▇▇▇▇▇▇▇▇▇▇▇▇▇▇▇▇▇▇▇▇▇▇▇▇▇▇100.0%
(0.655, 22.623166403805612)
(0.625, 21.586979124035388)
(0.685, 23.659329695652932)
(0.65, 22.450480517805364)
(0.6599999999999999, 22.795872279741616)
0.655 0.02150581316760658
22.623165604208182 0.7427930702646613
fashion_mnist3.none
使用simpler计算距离矩阵...
▇▇▇▇▇▇▇▇▇▇▇▇▇▇▇▇▇▇▇▇▇▇▇▇▇▇▇▇▇▇▇▇▇▇▇▇▇▇▇▇▇▇▇▇▇▇▇▇▇100.0%
(0.8200000000000001, 28.322116482798837)
(0.825, 28.494818360747693)
(0.81, 27.976728718849728)
(0.8049999999999999, 27.80403483687518)
(0.81, 27.976732716836878)
0.8140000000000001 0.008215838362577492
28.114886223221664 0.2837671939036227
fashion_mnist4.none
使用simpler计算距离矩阵...
▇▇▇▇▇▇▇▇▇▇▇▇▇▇▇▇▇▇▇▇▇▇▇▇▇▇▇▇▇▇▇▇▇▇▇▇▇▇▇▇▇▇▇▇▇▇▇▇▇100.0%
(0.77, 26.59516566909185)
(0.775, 26.767859551066405)
(0.69, 23.83202757561464)
(0.765, 26.422471787117292)
(0.77, 26.59516566909185)
0.754 0.03595135602449513
26.042538050396406 1.2417318604113752
fashion_mnist5.none
使用simpler计算距离矩阵...
▇▇▇▇▇▇▇▇▇▇▇▇▇▇▇▇▇▇▇▇▇▇▇▇▇▇▇▇▇▇▇▇▇▇▇▇▇▇▇▇▇▇▇▇▇▇▇▇▇100.0%
(0.825, 28.494826356721997)
(0.815, 28.149426598811434)
(0.835, 28.840210122683953)
(0.815, 28.149426598811434)
(0.8049999999999999, 27.804038834862332)
0.819 0.01140175425099139
28.28758570237823 0.39380702368427456
fashion_mnist6.none
使用simpler计算距离矩阵...
▇▇▇▇▇▇▇▇▇▇▇▇▇▇▇▇▇▇▇▇▇▇▇▇▇▇▇▇▇▇▇▇▇▇▇▇▇▇▇▇▇▇▇▇▇▇▇▇▇100.0%
(0.565, 19.51466053631505)
(0.605, 20.896191602175723)
(0.615, 21.241587362099125)
(0.61, 21.068889482137426)
(0.61, 21.068897478111726)
0.601 0.020432816741702567
20.758045292167807 0.7057188142938503
fashion_mnist7.none
使用simpler计算距离矩阵...
▇▇▇▇▇▇▇▇▇▇▇▇▇▇▇▇▇▇▇▇▇▇▇▇▇▇▇▇▇▇▇▇▇▇▇▇▇▇▇▇▇▇▇▇▇▇▇▇▇100.0%
(0.905, 31.257956454224903)
(0.9, 31.08526257225035)
(0.91, 31.43064633821231)
(0.905, 31.257956454224903)
(0.89, 30.73986281433979)
0.9019999999999999 0.007582875444051557
31.154336926650455 0.26190693009095145
fashion_mnist8.none
使用simpler计算距离矩阵...
▇▇▇▇▇▇▇▇▇▇▇▇▇▇▇▇▇▇▇▇▇▇▇▇▇▇▇▇▇▇▇▇▇▇▇▇▇▇▇▇▇▇▇▇▇▇▇▇▇100.0%
(0.6950000000000001, 24.004729453563492)
(0.7150000000000001, 24.695512977436007)
(0.7050000000000001, 24.350117217512597)
(0.6950000000000001, 24.00472545557634)
(0.7150000000000001, 24.695508979448856)
0.7050000000000001 0.010000000000000009
24.350118816707457 0.34539176194319904
fashion_mnist9.none
(0.9299999999999999, 32.121429862084824)
(0.9299999999999999, 32.121429862084824)
(0.925, 31.948735980110268)
(0.9299999999999999, 32.121433860071974)
(0.94, 32.46682562200823)
0.9309999999999998 0.005477225575051635
32.155971037272025 0.1891797716088646
alt_atheism.mat
使用simpler计算距离矩阵...
▇▇▇▇▇▇▇▇▇▇▇▇▇▇▇▇▇▇▇▇▇▇▇▇▇▇▇▇▇▇▇▇▇▇▇▇▇▇▇▇▇▇▇▇▇▇▇▇▇100.0%
(0.69, 23.832027575614635)
(0.73, 25.213546647513855)
(0.7, 24.17742333553804)
(0.74, 25.559022367180283)
(0.76, 26.249741923258384)
0.724 0.028809720581775892
25.006352369821037 0.9950569383774089
comp_graphics.mat
使用simpler计算距离矩阵...
▇▇▇▇▇▇▇▇▇▇▇▇▇▇▇▇▇▇▇▇▇▇▇▇▇▇▇▇▇▇▇▇▇▇▇▇▇▇▇▇▇▇▇▇▇▇▇▇▇100.0%
(0.73, 25.21353065556525)
(0.64, 22.104968816254573)
(0.6699999999999999, 23.1411640919991)
(0.7, 24.17735936774363)
(0.73, 25.21354664751386)
0.6940000000000001 0.039115214431215885
23.970113915815283 1.351025987640043
comp_os_ms-windows_misc.mat
使用simpler计算距离矩阵...
▇▇▇▇▇▇▇▇▇▇▇▇▇▇▇▇▇▇▇▇▇▇▇▇▇▇▇▇▇▇▇▇▇▇▇▇▇▇▇▇▇▇▇▇▇▇▇▇▇100.0%
(0.69, 23.832107535357654)
(0.63, 21.759669008022787)
(0.69, 23.832043567563236)
(0.6799999999999999, 23.486631815691226)
(0.6699999999999999, 23.14125204771642)
0.6719999999999999 0.02489979919597744
23.210340794870266 0.8600387830608677
comp_sys_ibm_pc_hardware.mat
使用simpler计算距离矩阵...
▇▇▇▇▇▇▇▇▇▇▇▇▇▇▇▇▇▇▇▇▇▇▇▇▇▇▇▇▇▇▇▇▇▇▇▇▇▇▇▇▇▇▇▇▇▇▇▇▇100.0%
(0.69, 23.83197160379452)
(0.65, 22.45038856410089)
(0.63, 21.759581052305467)
(0.6599999999999999, 22.7957923199986)
(0.7, 24.17732738384642)
0.666 0.02880972058177584
23.00301218480918 0.9950683173569931
comp_sys_mac_hardware.mat
使用simpler计算距离矩阵...
▇▇▇▇▇▇▇▇▇▇▇▇▇▇▇▇▇▇▇▇▇▇▇▇▇▇▇▇▇▇▇▇▇▇▇▇▇▇▇▇▇▇▇▇▇▇▇▇▇100.0%
(0.6799999999999999, 23.48660782776832)
(0.6699999999999999, 23.14125204771642)
(0.69, 23.832035571588936)
(0.6599999999999999, 22.795872279741616)
(0.7, 24.17743133151235)
0.68 0.01581138830084191
23.48663981166553 0.5461097981483063
comp_windows_x.mat
使用simpler计算距离矩阵...
▇▇▇▇▇▇▇▇▇▇▇▇▇▇▇▇▇▇▇▇▇▇▇▇▇▇▇▇▇▇▇▇▇▇▇▇▇▇▇▇▇▇▇▇▇▇▇▇▇100.0%
(0.5900000000000001, 20.378029996509035)
(0.63, 21.759605040228376)
(0.72, 24.86816687953905)
(0.5900000000000001, 20.377998012611826)
(0.7, 24.17738335566654)
0.6460000000000001 0.061073725938409824
22.31223665691096 2.10946603153636
misc_forsale.mat
使用simpler计算距离矩阵...
▇▇▇▇▇▇▇▇▇▇▇▇▇▇▇▇▇▇▇▇▇▇▇▇▇▇▇▇▇▇▇▇▇▇▇▇▇▇▇▇▇▇▇▇▇▇▇▇▇100.0%
(0.6599999999999999, 22.79590426363883)
(0.6699999999999999, 23.14126004369072)
(0.64, 22.1050887558691)
(0.65, 22.450476519818213)
(0.6799999999999999, 23.48665580361413)
0.6599999999999999 0.015811388300841858
22.7958770773262 0.5461123266037335
rec_autos.mat
使用simpler计算距离矩阵...
▇▇▇▇▇▇▇▇▇▇▇▇▇▇▇▇▇▇▇▇▇▇▇▇▇▇▇▇▇▇▇▇▇▇▇▇▇▇▇▇▇▇▇▇▇▇▇▇▇100.0%
(0.73, 25.213570635436763)
(0.7, 24.17743133151235)
(0.71, 24.522811099487154)
(0.76, 26.24977390715559)
(0.64, 22.1050887558691)
0.708 0.04438468204234429
24.45373514589219 1.5330003549988498
rec_motorcycles.mat
使用simpler计算距离矩阵...
▇▇▇▇▇▇▇▇▇▇▇▇▇▇▇▇▇▇▇▇▇▇▇▇▇▇▇▇▇▇▇▇▇▇▇▇▇▇▇▇▇▇▇▇▇▇▇▇▇100.0%
(0.69, 23.832059559511844)
(0.7, 24.17747930735816)
(0.65, 22.450508503715415)
(0.69, 23.832115531331954)
(0.65, 22.4504605278696)
0.6759999999999999 0.02408318915758455
23.348524685957393 0.8318329368968094
rec_sport_baseball.mat
使用simpler计算距离矩阵...
▇▇▇▇▇▇▇▇▇▇▇▇▇▇▇▇▇▇▇▇▇▇▇▇▇▇▇▇▇▇▇▇▇▇▇▇▇▇▇▇▇▇▇▇▇▇▇▇▇100.0%
(0.74, 25.559022367180287)
(0.75, 25.904362155283575)
(0.81, 27.976712726901123)
(0.6599999999999999, 22.79584829181871)
(0.71, 24.52281109948715)
0.734 0.05504543577809158
25.351751328134167 1.901219647268729
rec_sport_hockey.mat
使用simpler计算距离矩阵...
▇▇▇▇▇▇▇▇▇▇▇▇▇▇▇▇▇▇▇▇▇▇▇▇▇▇▇▇▇▇▇▇▇▇▇▇▇▇▇▇▇▇▇▇▇▇▇▇▇100.0%
(0.74, 25.55895040341157)
(0.76, 26.249749919232684)
(0.79, 27.285953190951513)
(0.71, 24.52283508741006)
(0.74, 25.558942407437268)
0.748 0.029495762407505278
25.83528620168862 1.0187578441782914
sci_crypt.mat
使用simpler计算距离矩阵...
▇▇▇▇▇▇▇▇▇▇▇▇▇▇▇▇▇▇▇▇▇▇▇▇▇▇▇▇▇▇▇▇▇▇▇▇▇▇▇▇▇▇▇▇▇▇▇▇▇100.0%
(0.69, 23.83201158366603)
(0.6799999999999999, 23.486639811665526)
(0.61, 21.068901476098876)
(0.6599999999999999, 22.795880275715923)
(0.69, 23.832107535357654)
0.6659999999999999 0.033615472627943205
23.003108136500803 1.1610579873916367
sci_electronics.mat
使用simpler计算距离矩阵...
▇▇▇▇▇▇▇▇▇▇▇▇▇▇▇▇▇▇▇▇▇▇▇▇▇▇▇▇▇▇▇▇▇▇▇▇▇▇▇▇▇▇▇▇▇▇▇▇▇100.0%
(0.47, 16.233224905608022)
(0.47, 16.233224905608022)
(0.55, 18.99639098499529)
(0.47, 16.233224905608022)
(0.47, 16.23322490560802)
0.48599999999999993 0.035777087639996666
16.78585812148548 1.235725437326303
sci_med.mat
使用simpler计算距离矩阵...
▇▇▇▇▇▇▇▇▇▇▇▇▇▇▇▇▇▇▇▇▇▇▇▇▇▇▇▇▇▇▇▇▇▇▇▇▇▇▇▇▇▇▇▇▇▇▇▇▇100.0%
(0.72, 24.86823884330777)
(0.74, 25.559014371205986)
(0.69, 23.83205955951184)
(0.7, 24.177431331512345)
(0.73, 25.213618611282573)
0.716 0.02073644135332774
24.730072543364102 0.7162211439893412
sci_religion_christian.mat
使用simpler计算距离矩阵...
▇▇▇▇▇▇▇▇▇▇▇▇▇▇▇▇▇▇▇▇▇▇▇▇▇▇▇▇▇▇▇▇▇▇▇▇▇▇▇▇▇▇▇▇▇▇▇▇▇100.0%
(0.77, 26.59516167110469)
(0.6799999999999999, 23.48667979153704)
(0.71, 24.522803103512846)
(0.71, 24.52283508741006)
(0.6799999999999999, 23.48661582374262)
0.71 0.036742346141747706
24.52281909546145 1.269045470894652
sci_space.mat
使用simpler计算距离矩阵...
▇▇▇▇▇▇▇▇▇▇▇▇▇▇▇▇▇▇▇▇▇▇▇▇▇▇▇▇▇▇▇▇▇▇▇▇▇▇▇▇▇▇▇▇▇▇▇▇▇100.0%
(0.72, 24.868230847333464)
(0.72, 24.86819086746196)
(0.7, 24.17743932748665)
(0.69, 23.832051563537544)
(0.75, 25.90437015125788)
0.716 0.023021728866442697
24.7300565514155 0.7951390461003242
talk_politics_guns.mat
使用simpler计算距离矩阵...
▇▇▇▇▇▇▇▇▇▇▇▇▇▇▇▇▇▇▇▇▇▇▇▇▇▇▇▇▇▇▇▇▇▇▇▇▇▇▇▇▇▇▇▇▇▇▇▇▇100.0%
(0.69, 23.83205156353754)
(0.69, 23.831987595743126)
(0.6799999999999999, 23.48670377945994)
(0.63, 21.75969299594569)
(0.71, 24.522859075332963)
0.6799999999999999 0.02999999999999998
23.48665900200385 1.0361792845918965
talk_politics_mideast.mat
使用simpler计算距离矩阵...
▇▇▇▇▇▇▇▇▇▇▇▇▇▇▇▇▇▇▇▇▇▇▇▇▇▇▇▇▇▇▇▇▇▇▇▇▇▇▇▇▇▇▇▇▇▇▇▇▇100.0%
(0.6799999999999999, 23.486663799588438)
(0.73, 25.213610615308266)
(0.7, 24.177439327486645)
(0.7, 24.177407343589444)
(0.77, 26.59521764292481)
0.716 0.0350713558335004
24.730067745779518 1.21135078608041
talk_politics_misc.mat
使用simpler计算距离矩阵...
▇▇▇▇▇▇▇▇▇▇▇▇▇▇▇▇▇▇▇▇▇▇▇▇▇▇▇▇▇▇▇▇▇▇▇▇▇▇▇▇▇▇▇▇▇▇▇▇▇100.0%
(0.71, 24.522795107538546)
(0.64, 22.105064767946196)
(0.6799999999999999, 23.48661582374262)
(0.71, 24.522835087410055)
(0.69, 23.832051563537544)
0.686 0.028809720581775847
23.693872470034997 0.9950691500470445
talk_religion_misc.mat
使用simpler计算距离矩阵...
▇▇▇▇▇▇▇▇▇▇▇▇▇▇▇▇▇▇▇▇▇▇▇▇▇▇▇▇▇▇▇▇▇▇▇▇▇▇▇▇▇▇▇▇▇▇▇▇▇100.0%
(0.5700000000000001, 19.68719849679071)
(0.61, 21.06878953245865)
(0.6799999999999999, 23.48659983179402)
(0.69, 23.83196360782022)
(0.62, 21.414209280304963)
0.634 0.05029910535983712
21.897752149833714 1.737322012562446