musk1+.mat
(0.8666666666666667, 0.8723404255319148)
(0.8666666666666667, 0.88)
(0.8888888888888888, 0.9)
(0.8888888888888888, 0.8958333333333333)
0.8733333333333333 0.014907119849998578
0.882266330720418 0.015551035017807678
musk2+.mat
(0.86, 0.825)
(0.85, 0.810126582278481)
(0.87, 0.8354430379746836)
(0.82, 0.7692307692307692)
(0.85, 0.8192771084337349)
0.85 0.018708286933869722
0.8118154995835336 0.025515088326181785
elephant+.mat
(0.86, 0.8627450980392156)
(0.86, 0.8585858585858585)
(0.84, 0.8399999999999999)
(0.85, 0.8484848484848485)
(0.85, 0.8484848484848485)
0.852 0.008366600265340762
0.8516601307189543 0.009041096309259665
fox+.mat
(0.63, 0.5432098765432098)
(0.585, 0.49079754601227)
(0.6, 0.4936708860759494)
(0.585, 0.47133757961783446)
(0.575, 0.46540880503144655)
0.595 0.021505813167606587
0.4928849386561421 0.03064637374642179
tiger+.mat
(0.76, 0.7551020408163266)
(0.785, 0.7839195979899497)
(0.765, 0.7589743589743589)
(0.77, 0.7628865979381443)
(0.77, 0.7676767676767676)
0.77 0.009354143466934863
0.7657118726791095 0.01119516495844293
alt_atheism.mat
(0.77, 0.7294117647058823)
(0.72, 0.65)
(0.66, 0.5142857142857143)
(0.69, 0.5974025974025975)
(0.68, 0.5789473684210525)
0.704 0.042778499272414866
0.6140094889630493 0.0807201562675391

----
损失
musk1+.mat
(0.1444444444444445, 4.988978790233221)
(0.1333333333333333, 4.605205723651656)
(0.12222222222222223, 4.221432657070091)
(0.1444444444444445, 4.9889787902332206)
(0.15555555555555556, 5.372751856814786)
0.14 0.012668615834434875
4.835469563600595 0.43756861933123586
musk1+.mat
(0.16666666666666663, 5.756551576644025)
(0.15555555555555556, 5.372787394478351)
(0.1333333333333333, 4.60524126131522)
(0.11111111111111116, 3.8377040125679804)
(0.12222222222222223, 4.221477079149546)
0.13777777777777778 0.023040490392586332
4.758752264831024 0.7958019137074582

musk1+.mat
(0.09999999999999998, 3.4539398304023066)
(0.16666666666666663, 5.756560461059917)
(0.1444444444444445, 4.9889965590650025)
(0.16666666666666663, 5.756551576644025)
(0.12222222222222223, 4.221477079149547)
0.13999999999999999 0.028974232912011764
4.835505101264159 1.0007474984767089
musk2+.mat
(0.14, 4.8354606791847035)
(0.16000000000000003, 5.526244203057218)
(0.14, 4.835452683210402)
(0.14, 4.835476671133307)
(0.17000000000000004, 5.871655954929231)
0.15000000000000002 0.014142135623730963
5.180858038302972 0.4884633681811035
mutagenesis1.mat
(0.15000000000000002, 5.180905303395513)
(0.1444444444444445, 4.9890143278967845)
(0.1611111111111111, 5.5646739277691335)
(0.1777777777777778, 6.140320201017645)
(0.15555555555555556, 5.372787394478351)
0.1577777777777778 0.01278984937024593
5.449540230911486 0.4417500890722957
mutagenesis1.mat
(0.1777777777777778, 6.140333527641482)
(0.17222222222222228, 5.948438109934808)
(0.1611111111111111, 5.564665043353242)
(0.17222222222222228, 5.948424783310971)
(0.1611111111111111, 5.5646739277691335)
0.16888888888888892 0.007453559924999331
5.833307078401927 0.2574416407421302
mutagenesis2.mat
(0.17500000000000004, 6.044285869109371)
(0.25, 8.63473407859918)
(0.275, 9.498223478407704)
(0.22499999999999998, 7.771244678790659)
(0.17500000000000004, 6.04428586910937)
0.22000000000000003 0.04472135954999578
7.598554794803258 1.5446467394215195
elephant+.mat
(0.16500000000000004, 5.698970068928981)
(0.18000000000000005, 6.217055712839792)
(0.17000000000000004, 5.8716639509035335)
(0.17000000000000004, 5.871663950903535)
(0.16000000000000003, 5.526272188967275)
0.16900000000000004 0.007416198487095669
5.837125174508623 0.25614911668987783
tiger+.mat
(0.20999999999999996, 7.253238994622867)
(0.20499999999999996, 7.080537116674011)
(0.24, 8.289422276405944)
(0.21999999999999997, 7.598626758571974)
(0.21499999999999997, 7.42593287659742)
0.21799999999999997 0.013509256086106309
7.5295516045744435 0.46660323733332404
web1+.mat
(0.18181818181818177, 6.279777526347397)
(0.19090909090909092, 6.593766402664767)
(0.19090909090909092, 6.593766402664767)
(0.19090909090909092, 6.593766402664767)
(0.17272727272727273, 5.965788650030026)
0.18545454545454546 0.008131156281817426
6.405373076874345 0.28084018864976557
web2+.mat
(0.18181818181818177, 6.279777526347397)
(0.19090909090909092, 6.593766402664767)
(0.17272727272727273, 5.965788650030026)
(0.17272727272727273, 5.965788650030026)
(0.19090909090909092, 6.593766402664767)
0.18181818181818182 0.009090909090909094
6.279777526347397 0.3139888763173704
web3+.mat
(0.18181818181818177, 6.279777526347396)
(0.18181818181818177, 6.279777526347396)
(0.17272727272727273, 5.965788650030028)
(0.19090909090909092, 6.593766402664767)
(0.19090909090909092, 6.593766402664768)
0.18363636363636363 0.007606000241218877
6.34257530161087 0.2627019415910953
web4+.mat
(0.21818181818181814, 7.535907489238012)
(0.2090909090909091, 7.221904074785547)
(0.2090909090909091, 7.221911343853093)
(0.2272727272727273, 7.849896365555381)
(0.2272727272727273, 7.849903634622928)
0.21818181818181817 0.009090909090909094
7.535904581610993 0.3139961454101592
web5+.mat
(0.21818181818181814, 7.535907489238011)
(0.21818181818181814, 7.535907489238011)
(0.21818181818181814, 7.535907489238012)
(0.23636363636363633, 8.163899780007844)
(0.23636363636363633, 8.163899780007844)
0.2254545454545454 0.009958591954639388
7.787104405545945 0.3439655435939807
web6+.mat
(0.21818181818181814, 7.535907489238012)
(0.23636363636363633, 8.16388524187275)
(0.2090909090909091, 7.221911343853094)
(0.21818181818181814, 7.535907489238011)
(0.2272727272727273, 7.849903634622929)
0.22181818181818178 0.010365231137264884
7.661503039764959 0.35800558825125683
web7+.mat
(0.5909090909090908, 20.40945141825017)
(0.5545454545454546, 19.153437760440315)
(0.6727272727272727, 23.235365843241595)
(0.5727272727272728, 19.78139370587241)
(0.5272727272727273, 18.211405709880278)
0.5836363636363637 0.05507320447585801
20.158210887536953 1.9022102309402278
web8+.mat
(0.4727272727272728, 16.327479721043606)
(0.4727272727272728, 16.32747245197606)
(0.5272727272727273, 18.21142751708292)
(0.44545454545454544, 15.38548401582131)
(0.49090909090909096, 16.955464742745896)
0.4818181818181818 0.03015113445777639
16.641465689733955 1.0413986330557827
web9+.mat
(0.5545454545454546, 19.15343049137277)
(0.49090909090909096, 16.955464742745892)
(0.5181818181818182, 17.897431371698005)
(0.5363636363636364, 18.525394586197653)
(0.6272727272727272, 21.665399654452106)
0.5454545454545453 0.051425947722657954
18.839424169293284 1.7762323569624763
mnist0
(0.20499999999999996, 7.080525122712559)
(0.14500000000000002, 5.0081945410307664)
(0.14, 4.835516651004818)
(0.18500000000000005, 6.389781578711553)
(0.24, 8.289446264328848)
0.183 0.041922547632509154
6.320692831557709 1.447973454058368Initializing data...
mnist1.none
(0.12, 4.1447011432350935)
(0.135, 4.662778791171603)
(0.15000000000000002, 5.180888423005321)
(0.17000000000000004, 5.871671946877837)
(0.13, 4.49008490919705)
0.14100000000000001 0.019493588689617945
4.870025042697381 0.6733002366733737
mnist2.none
(0.16000000000000003, 5.526260195005823)
(0.17000000000000004, 5.87165195694208)
(0.15500000000000003, 5.353562315044119)
(0.15000000000000002, 5.180876429043867)
(0.16500000000000004, 5.69896607094183)
0.16000000000000003 0.007905694150420955
5.526263393395544 0.27305553110971653
mnist3.none
(0.22499999999999998, 7.771320640546527)
(0.21999999999999997, 7.598622760584824)
(0.18500000000000005, 6.389753592801497)
(0.21999999999999997, 7.598618762597672)
(0.21499999999999997, 7.42592887861027)
0.213 0.01604680653588118
7.3568489270281585 0.5542426062845617
mnist4.none
(0.18999999999999995, 6.562443476788899)
(0.18000000000000005, 6.2170477168654905)
(0.21499999999999997, 7.42592887861027)
(0.20499999999999996, 7.08053311868686)
(0.19999999999999996, 6.907847232686609)
0.19799999999999998 0.01350925608610627
6.838760084727625 0.46660249748797566
mnist5.none
(0.26, 8.980185810342702)
(0.28500000000000003, 9.843651222228319)
(0.255, 8.807475936419547)
(0.28, 9.670961338240916)
(0.28, 9.670969334215219)
0.272 0.013509256086106309
9.39464872828934 0.4665984282833389
mnist6.none
(0.19999999999999996, 6.9078352387251565)
(0.17500000000000004, 6.044353834890936)
(0.18500000000000005, 6.389745596827194)
(0.18999999999999995, 6.562431482827447)
(0.19499999999999995, 6.735125364801999)
0.189 0.00961769203083563
6.527898303614546 0.3321856008476486
mnist7.none
(0.15000000000000002, 5.1808724310567165)
(0.15500000000000003, 5.35357031101842)
(0.18000000000000005, 6.217055712839791)
(0.19999999999999996, 6.907815248789401)
(0.14, 4.835472673146158)
0.165 0.02449489742783176
5.6989572753700966 0.8460309258734408
mnist8.none
(0.29000000000000004, 10.016341106215721)
(0.28500000000000003, 9.843651222228319)
(0.21499999999999997, 7.425904890687364)
(0.28, 9.670965336228067)
(0.26, 8.98017381638125)
0.266 0.03070016286601753
9.187407274348143 1.0603598645856764
mnist9.none
(0.255, 8.807487930380999)
(0.255, 8.807487930380999)
(0.265, 9.152883690304407)
(0.255, 8.807475936419547)
(0.28, 9.670961338240916)
0.262 0.010954451150103331
9.049259365145373 0.3783574447060681
fashion_mnist0.none
(0.24, 8.289426274393092)
(0.235, 8.116712402482785)
(0.245, 8.462116158380494)
(0.25, 8.634806042367897)
(0.18999999999999995, 6.562463466724653)
0.23199999999999998 0.02413503677229436
8.013104868869785 0.8336024239747536
fashion_mnist1.none
(0.05500000000000005, 1.8996526916558432)
(0.06499999999999995, 2.2450484515792524)
(0.05500000000000005, 1.899652691655843)
(0.06000000000000005, 2.0723505716175477)
(0.05500000000000005, 1.899652691655843)
0.05800000000000003 0.00447213595499954
2.003271419632866 0.15446567966578817
fashion_mnist2.none
(0.15500000000000003, 5.353582304979874)
(0.14500000000000002, 5.0081985390179184)
(0.14, 4.835500659056213)
(0.15500000000000003, 5.353586302967025)
(0.14, 4.835500659056213)
0.14700000000000002 0.007582875444051557
5.077273693015448 0.26190403025891423
fashion_mnist3.none
(0.12, 4.144713137196547)
(0.13, 4.490096903158503)
(0.11499999999999999, 3.9720192552219937)
(0.12, 4.144713137196548)
(0.12, 4.144713137196547)
0.121 0.005477225575051666
4.179251113994027 0.1891750270617052
fashion_mnist4.none
(0.16000000000000003, 5.526284182928729)
(0.16000000000000003, 5.52628418292873)
(0.17500000000000004, 6.044373824826692)
(0.17000000000000004, 5.871679942852138)
(0.18000000000000005, 6.217067706801244)
0.16900000000000004 0.008944271909999166
5.837137968067506 0.30892823041656126
fashion_mnist5.none
(0.12, 4.144713137196548)
(0.135, 4.662798781107358)
(0.10999999999999999, 3.7993213752602895)
(0.10999999999999999, 3.7993293712345917)
(0.09999999999999998, 3.45392161734973)
0.11499999999999999 0.013228756555322966
3.9720168564297027 0.456911109070667
fashion_mnist6.none
(0.22999999999999998, 7.944026516482534)
(0.21999999999999997, 7.598642750520578)
(0.22999999999999998, 7.944026516482534)
(0.22499999999999998, 7.771348626456585)
(0.20999999999999996, 7.253238994622867)
0.22299999999999995 0.008366600265340763
7.7022566809130195 0.28897739223611707
fashion_mnist7.none
(0.06999999999999995, 2.4177503295281073)
(0.07499999999999996, 2.5904402135155102)
(0.06000000000000005, 2.0723585675918494)
(0.05500000000000005, 1.8996566896429943)
(0.07499999999999996, 2.5904402135155093)
0.06699999999999999 0.009082951062292425
2.3141292027587945 0.3137169868692531
fashion_mnist8.none
(0.09499999999999997, 3.2812117434265726)
(0.06999999999999995, 2.4177263416052015)
(0.08499999999999996, 2.9358119855160125)
(0.08999999999999997, 3.1085058674905657)
(0.08499999999999996, 2.935827977464616)
0.08499999999999996 0.009354143466934863
2.9358167831005937 0.32308547793240894
fashion_mnist9.none
(0.05500000000000005, 1.899656689642994)
(0.06999999999999995, 2.417738335566654)
(0.06499999999999995, 2.2450484515792515)
(0.07499999999999996, 2.5904402135155093)
(0.06000000000000005, 2.0723505716175477)
0.06499999999999999 0.007905694150420903
2.245046852384392 0.2730555310687404
alt_atheism.mat
(0.15000000000000002, 5.180848443133811)
(0.14, 4.8354606791847035)
(0.15000000000000002, 5.180848443133811)
(0.14, 4.835452683210401)
(0.15000000000000002, 5.1808484431338115)
0.14600000000000002 0.005477225575051666
5.0426917383593075 0.1891788592100658
comp_graphics.mat
(0.18000000000000005, 6.217003739006828)
(0.18000000000000005, 6.21700373900683)
(0.18000000000000005, 6.217003739006828)
(0.18000000000000005, 6.217003739006828)
(0.18000000000000005, 6.21700373900683)
0.18000000000000005 0.0
6.217003739006829 9.930136612989092e-16
comp_os_ms-windows_misc.mat
(0.26, 8.980121842548288)
(0.27, 9.325509606497393)
(0.25, 8.63472608262488)
(0.27, 9.325517602471695)
(0.26, 8.980121842548288)
0.262 0.008366600265340763
9.049199395338109 0.2889769142746298
comp_sys_ibm_pc_hardware.mat
(0.21999999999999997, 7.5985627907775575)
(0.20999999999999996, 7.253175026828452)
(0.21999999999999997, 7.5985627907775575)
(0.21999999999999997, 7.598562790777558)
(0.21999999999999997, 7.5985627907775575)
0.21799999999999997 0.004472135954999583
7.529485237987737 0.1544621037573703
comp_sys_mac_hardware.mat
(0.20999999999999996, 7.253159034879848)
(0.21999999999999997, 7.598546798828954)
(0.19999999999999996, 6.907763274956438)
(0.20999999999999996, 7.253159034879848)
(0.18999999999999995, 6.562383506981635)
0.20599999999999996 0.01140175425099139
7.1150023301053436 0.3938036925395511
comp_windows_x.mat
(0.17000000000000004, 5.871655954929231)
(0.15000000000000002, 5.1808724310567165)
(0.17000000000000004, 5.8716639509035335)
(0.17000000000000004, 5.8716639509035335)
(0.17000000000000004, 5.8716639509035335)
0.16600000000000004 0.008944271909999166
5.733504047739309 0.30893046537387364
misc_forsale.mat
(0.30000000000000004, 10.36165690639611)
(0.29000000000000004, 10.016269142447005)
(0.29000000000000004, 10.016269142447005)
(0.31000000000000005, 10.707044670345217)
(0.31000000000000005, 10.707044670345217)
0.30000000000000004 0.010000000000000009
10.36165690639611 0.3453877639491063
rec_autos.mat
(0.22999999999999998, 7.943974542649571)
(0.24, 8.289354310624375)
(0.20999999999999996, 7.2531830228027525)
(0.22999999999999998, 7.943974542649571)
(0.21999999999999997, 7.598578782726163)
0.22599999999999998 0.01140175425099139
7.805813040290486 0.39380684837908786
rec_motorcycles.mat
(0.18000000000000005, 6.217051714852641)
(0.17000000000000004, 5.871663950903533)
(0.17000000000000004, 5.8716639509035335)
(0.18000000000000005, 6.217051714852641)
(0.16000000000000003, 5.526268190980126)
0.17200000000000004 0.008366600265340763
5.9407399044984945 0.28897500286327993
rec_sport_baseball.mat
(0.17000000000000004, 5.871623971032025)
(0.16000000000000003, 5.526228211108616)
(0.17000000000000004, 5.871623971032025)
(0.18000000000000005, 6.217019730955433)
(0.15000000000000002, 5.180848443133811)
0.16600000000000004 0.01140175425099139
5.733468865452382 0.39380614707638284
rec_sport_hockey.mat
(0.13, 4.490056923286993)
(0.13, 4.490056923286993)
(0.15000000000000002, 5.180840447159508)
(0.13, 4.490056923286993)
(0.14, 4.8354446872361)
0.136 0.008944271909999166
4.697291180851318 0.3089273364394573
sci_crypt.mat
(0.24, 8.289410282444491)
(0.24, 8.289402286470187)
(0.21999999999999997, 7.598618762597672)
(0.24, 8.289402286470187)
(0.24, 8.289402286470187)
0.236 0.008944271909999166
8.151247180890545 0.3089286774196653
sci_electronics.mat
(0.06000000000000005, 2.072342575643246)
(0.06000000000000005, 2.072342575643246)
(0.06000000000000005, 2.0723425756432454)
(0.06000000000000005, 2.072342575643246)
(0.06000000000000005, 2.072342575643246)
0.06000000000000005 0.0
2.072342575643246 2.220446049250313e-16
sci_med.mat
(0.17000000000000004, 5.871623971032025)
(0.17000000000000004, 5.871631967006327)
(0.16000000000000003, 5.526236207082917)
(0.16000000000000003, 5.526236207082918)
(0.16000000000000003, 5.526236207082918)
0.16400000000000003 0.0054772255750516665
5.664392911857421 0.1891788592100658
sci_religion_christian.mat
(0.16000000000000003, 5.526212219160011)
(0.17000000000000004, 5.871607979083419)
(0.17000000000000004, 5.871599983109118)
(0.18000000000000005, 6.216995743032527)
(0.17000000000000004, 5.871607979083419)
0.17000000000000004 0.007071067811865481
5.871604780693699 0.24422885705400385
sci_space.mat
(0.19999999999999996, 6.907819246776553)
(0.20999999999999996, 7.253207010725659)
(0.19999999999999996, 6.907819246776552)
(0.19999999999999996, 6.907819246776552)
(0.19999999999999996, 6.907819246776553)
0.20199999999999996 0.004472135954999583
6.976896799566373 0.1544621037573708
talk_politics_guns.mat
(0.20999999999999996, 7.253191018777054)
(0.19999999999999996, 6.907795258853647)
(0.18999999999999995, 6.562407494904541)
(0.20999999999999996, 7.253191018777054)
(0.19999999999999996, 6.907795258853646)
0.20199999999999996 0.008366600265340763
6.976876010033189 0.28897595856500347
talk_politics_mideast.mat
(0.17000000000000004, 5.871639962980629)
(0.17000000000000004, 5.871639962980629)
(0.17000000000000004, 5.871639962980628)
(0.17000000000000004, 5.871639962980628)
(0.17000000000000004, 5.871639962980628)
0.17000000000000004 0.0
5.871639962980628 6.280369834735101e-16
talk_politics_misc.mat
(0.30000000000000004, 10.361696886267621)
(0.31000000000000005, 10.707092646191029)
(0.31999999999999995, 11.052488406114437)
(0.31999999999999995, 11.052472414165832)
(0.31000000000000005, 10.707084650216727)
0.312 0.00836660026534071
10.77616700059113 0.2889754807753799
talk_religion_misc.mat
(0.25, 8.634742074573483)
(0.27, 9.325517602471695)
(0.27, 9.325517602471695)
(0.27, 9.325525598446)
(0.30000000000000004, 10.361696886267621)
0.272 0.017888543819998333
9.394599952846098 0.6178544493868618