musk1+.mat
(0.2222222222222222, 7.675301412145268)
(0.25555555555555554, 8.826620611889963)
(0.21111111111111114, 7.291519461147812)
(0.21111111111111114, 7.291528345563702)
(0.24444444444444446, 8.442829776476616)
0.22888888888888886 0.020184335693983264
7.905559921444672 0.6971569293880026
musk2+.mat
(0.31999999999999995, 11.052656321574778)
(0.33999999999999997, 11.743447841421593)
(0.32999999999999996, 11.39806007747249)
(0.33999999999999997, 11.743447841421595)
(0.36, 12.434247357242716)
0.33799999999999997 0.014832396974191338
11.674371887826636 0.5123065892635649
mutagenesis1.mat
计算关联矩阵中...
▇▇▇▇▇▇▇▇▇▇▇▇▇▇▇▇▇▇▇▇▇▇▇▇▇▇▇▇▇▇▇▇▇▇▇▇▇▇▇▇▇▇▇▇▇▇▇▇▇100.0%
使用mi_graph计算距离矩阵...
▇▇▇▇▇▇▇▇▇▇▇▇▇▇▇▇▇▇▇▇▇▇▇▇▇▇▇▇▇▇▇▇▇▇▇▇▇▇▇▇▇▇▇▇▇▇▇▇▇100.0%
(0.3388888888888889, 11.705078530737744)
(0.35, 12.088851597319309)
(0.33333333333333337, 11.513191997446958)
(0.33333333333333337, 11.513191997446961)
(0.34444444444444444, 11.896965064028526)
0.34 0.0072435582280029175
11.7434558373959 0.2501894298710542
mutagenesis2.mat
计算关联矩阵中...
▇▇▇▇▇▇▇▇▇▇▇▇▇▇▇▇▇▇▇▇▇▇▇▇▇▇▇▇▇▇▇▇▇▇▇▇▇▇▇▇▇▇▇▇▇▇▇▇100.0%
使用mi_graph计算距离矩阵...
▇▇▇▇▇▇▇▇▇▇▇▇▇▇▇▇▇▇▇▇▇▇▇▇▇▇▇▇▇▇▇▇▇▇▇▇▇▇▇▇▇▇▇▇▇▇▇▇100.0%
(0.32499999999999996, 11.225102328345972)
(0.30000000000000004, 10.361632918473207)
(0.30000000000000004, 10.361632918473205)
(0.32499999999999996, 11.225102328345972)
(0.30000000000000004, 10.361632918473205)
0.31 0.013693063937629105
10.707020682422314 0.4729416735029882
elephant+.mat
(0.32499999999999996, 11.225190284063295)
(0.345, 11.91598180391011)
(0.31999999999999995, 11.05248840611444)
(0.30000000000000004, 10.361712878216226)
(0.32499999999999996, 11.225190284063292)
0.323 0.016046806535881187
11.156112731273472 0.5542457829001871
tiger+.mat
(0.29000000000000004, 10.016369092125778)
(0.32499999999999996, 11.22522626594765)
(0.365, 12.606809305641287)
(0.32499999999999996, 11.225238259909107)
(0.31999999999999995, 11.0525483759217)
0.325 0.026692695630078266
11.225238259909105 0.9219442791457227
alt_atheism.mat
(0.26, 8.980201802291306)
(0.25, 8.634814038342201)
(0.26, 8.980201802291306)
(0.25, 8.6348140383422)
(0.26, 8.980201802291306)
0.256 0.005477225575051666
8.842046696711664 0.18917666940119512
comp_graphics.mat
(0.24, 8.289386294521584)
(0.21999999999999997, 7.598602770649069)
(0.24, 8.289402286470187)
(0.21999999999999997, 7.598610766623369)
(0.21999999999999997, 7.59861076662337)
0.22799999999999998 0.010954451150103333
7.874922576977516 0.37835917829271054
comp_sys_ibm_pc_hardware.mat
(0.32999999999999996, 11.397876170063544)
(0.31999999999999995, 11.052472414165834)
(0.30000000000000004, 10.361704882241922)
(0.31999999999999995, 11.05248840611444)
(0.29000000000000004, 10.01629313036991)
0.312 0.01643167672515494
10.77616700059113 0.5675402272787881
comp_sys_mac_hardware.mat
(0.27, 9.325589566240412)
(0.30000000000000004, 10.361752858087733)
(0.30000000000000004, 10.361752858087733)
(0.29000000000000004, 10.016365094138626)
(0.31999999999999995, 11.052536381960248)
0.296 0.01816590212458493
10.22359935170295 0.6274306724808966
web1+.mat
(0.19090909090909092, 6.593766402664766)
(0.19090909090909092, 6.593766402664766)
(0.19090909090909092, 6.593766402664768)
(0.18181818181818177, 6.279777526347398)
(0.19090909090909092, 6.593766402664768)
0.1890909090909091 0.004065578140908735
6.530968627401293 0.1404200943248822
web2+.mat
(0.18181818181818177, 6.279777526347396)
(0.19090909090909092, 6.593766402664768)
(0.19090909090909092, 6.593766402664767)
(0.19090909090909092, 6.593766402664767)
(0.1636363636363637, 5.651799773712657)
0.18363636363636365 0.011853095282186617
6.342575301610871 0.40939140753901515
web3+.mat
(0.19090909090909092, 6.593766402664767)
(0.19090909090909092, 6.593766402664768)
(0.19090909090909092, 6.593766402664767)
(0.19090909090909092, 6.593766402664767)
(0.19090909090909092, 6.593766402664767)
0.19090909090909092 0.0
6.593766402664767 4.440892098500626e-16
web4+.mat
(0.2272727272727273, 7.849903634622927)
(0.2272727272727273, 7.849903634622929)
(0.21818181818181814, 7.535907489238011)
(0.2090909090909091, 7.221911343853093)
(0.2272727272727273, 7.849903634622927)
0.22181818181818183 0.008131156281817426
7.661505947391977 0.28084669030143267
web5+.mat
(0.2090909090909091, 7.221744155299507)
(0.2090909090909091, 7.221744155299506)
(0.2272727272727273, 7.849721907934246)
(0.2090909090909091, 7.221744155299507)
(0.21818181818181814, 7.535733031616877)
0.21454545454545454 0.008131156281817414
7.4101374810899285 0.280840188649765
web6+.mat
计算关联矩阵中...
▇▇▇▇▇▇▇▇▇▇▇▇▇▇▇▇▇▇▇▇▇▇▇▇▇▇▇▇▇▇▇▇▇▇▇▇▇▇▇▇▇▇▇▇▇▇▇▇▇100.0%
使用mi_graph计算距离矩阵...
▇▇▇▇▇▇▇▇▇▇▇▇▇▇▇▇▇▇▇▇▇▇▇▇▇▇▇▇▇▇▇▇▇▇▇▇▇▇▇▇▇▇▇▇▇▇▇▇▇100.0%
(0.2272727272727273, 7.849903634622927)
(0.2272727272727273, 7.849903634622928)
(0.2090909090909091, 7.221911343853094)
(0.21818181818181814, 7.535907489238011)
(0.2272727272727273, 7.849903634622928)
0.22181818181818183 0.008131156281817426
7.661505947391977 0.28084669030143233
web7+.mat
计算关联矩阵中...
▇▇▇▇▇▇▇▇▇▇▇▇▇▇▇▇▇▇▇▇▇▇▇▇▇▇▇▇▇▇▇▇▇▇▇▇▇▇▇▇▇▇▇▇▇▇▇▇▇100.0%
使用mi_graph计算距离矩阵...
▇▇▇▇▇▇▇▇▇▇▇▇▇▇▇▇▇▇▇▇▇▇▇▇▇▇▇▇▇▇▇▇▇▇▇▇▇▇▇▇▇▇▇▇▇▇▇▇▇100.0%
(0.49090909090909096, 16.95542839740816)
(0.5636363636363637, 19.467390291419946)
(0.5363636363636364, 18.525401855265198)
(0.5909090909090908, 20.409422341979983)
(0.5909090909090908, 20.40940780384489)
0.5545454545454545 0.04215281134316224
19.153410137983634 1.4559531641724204
web8+.mat
计算关联矩阵中...
▇▇▇▇▇▇▇▇▇▇▇▇▇▇▇▇▇▇▇▇▇▇▇▇▇▇▇▇▇▇▇▇▇▇▇▇▇▇▇▇▇▇▇▇▇▇▇▇▇100.0%
使用mi_graph计算距离矩阵...
▇▇▇▇▇▇▇▇▇▇▇▇▇▇▇▇▇▇▇▇▇▇▇▇▇▇▇▇▇▇▇▇▇▇▇▇▇▇▇▇▇▇▇▇▇▇▇▇▇100.0%
(0.6181818181818182, 21.35141077813473)
(0.6454545454545455, 22.293428290559675)
(0.49090909090909096, 16.95542839740816)
(0.6, 20.723411218297358)
(0.6636363636363636, 22.92137696692422)
0.6036363636363636 0.06760360888210254
20.84901113026483 2.335016506128643
web9+.mat
计算关联矩阵中...
▇▇▇▇▇▇▇▇▇▇▇▇▇▇▇▇▇▇▇▇▇▇▇▇▇▇▇▇▇▇▇▇▇▇▇▇▇▇▇▇▇▇▇▇▇▇▇▇▇100.0%
使用mi_graph计算距离矩阵...
▇▇▇▇▇▇▇▇▇▇▇▇▇▇▇▇▇▇▇▇▇▇▇▇▇▇▇▇▇▇▇▇▇▇▇▇▇▇▇▇▇▇▇▇▇▇▇▇▇100.0%
(0.6272727272727272, 21.665399654452102)
(0.6, 20.723433025499997)
(0.6272727272727272, 21.6654141925872)
(0.6545454545454545, 22.607388090606854)
(0.5363636363636364, 18.525416393400295)
0.609090909090909 0.04499770425732574
21.03741027130929 1.5542108043236214
mnist0
(0.54, 18.651183130467974)
(0.585, 20.205444060187563)
(0.575, 19.860052298251304)
(0.5800000000000001, 20.03278216211022)
(0.575, 19.860056296238454)
0.5710000000000001 0.017818529681205442
19.721903589451102 0.6154409823856964
mnist1
(0.5800000000000001, 20.032722192302955)
(0.585, 20.205416074277505)
(0.56, 19.341854710700265)
(0.615, 21.24159535807343)
(0.585, 20.205380092393145)
0.585 0.019685019685029503
20.20539368554946 0.6799317819625503
mnist2
(0.5900000000000001, 20.37806997638055)
(0.5700000000000001, 19.687366412251052)
(0.575, 19.860016316366945)
(0.6, 20.723541698059826)
(0.565, 19.51466853228935)
0.58 0.014577379737113264
20.032732587069543 0.5034814321334983
mnist3.none
使用mi_graph计算距离矩阵...
▇▇▇▇▇▇▇▇▇▇▇▇▇▇▇▇▇▇▇▇▇▇▇▇▇▇▇▇▇▇▇▇▇▇▇▇▇▇▇▇▇▇▇▇▇▇▇▇▇100.0%
(0.575, 19.860056296238454)
(0.5800000000000001, 20.032762172174465)
(0.625, 21.587019103906897)
(0.5549999999999999, 19.1693087542503)
(0.5700000000000001, 19.687330430366693)
0.5810000000000001 0.026315394733881545
20.06729535138736 0.9089078776561551
mnist4.none
使用mi_graph计算距离矩阵...
▇▇▇▇▇▇▇▇▇▇▇▇▇▇▇▇▇▇▇▇▇▇▇▇▇▇▇▇▇▇▇▇▇▇▇▇▇▇▇▇▇▇▇▇▇▇▇▇▇100.0%
(0.56, 19.341978648301946)
(0.6, 20.72351371214977)
(0.5700000000000001, 19.687330430366693)
(0.5800000000000001, 20.032710198341498)
(0.5900000000000001, 20.378057982419094)
0.5800000000000001 0.015811388300841875
20.032718194315798 0.5460933630533922
mnist5.none
计算关联矩阵中...
▇▇▇▇▇▇▇▇▇▇▇▇▇▇▇▇▇▇▇▇▇▇▇▇▇▇▇▇▇▇▇▇▇▇▇▇▇▇▇▇▇▇▇▇▇▇▇▇▇100.0%
使用mi_graph计算距离矩阵...
▇▇▇▇▇▇▇▇▇▇▇▇▇▇▇▇▇▇▇▇▇▇▇▇▇▇▇▇▇▇▇▇▇▇▇▇▇▇▇▇▇▇▇▇▇▇▇▇▇100.0%
(0.5549999999999999, 19.16926477639164)
(0.52, 17.960411600556913)
(0.565, 19.514684524237953)
(0.6, 20.723505716175467)
(0.575, 19.860088280135663)
0.563 0.02928310092869263
19.445590979499524 1.0114052059551961
mnist6.none
(0.5549999999999999, 19.16923679048158)
(0.575, 19.86003230831555)
(0.485, 16.751498454914927)
(0.515, 17.787665744749397)
(0.51, 17.614959868813393)
0.5279999999999999 0.036331804249169874
18.23667863345497 1.2548753752046078
mnist7.none
计算关联矩阵中...
▇▇▇▇▇▇▇▇▇▇▇▇▇▇▇▇▇▇▇▇▇▇▇▇▇▇▇▇▇▇▇▇▇▇▇▇▇▇▇▇▇▇▇▇▇▇▇▇▇100.0%
使用mi_graph计算距离矩阵...
▇▇▇▇▇▇▇▇▇▇▇▇▇▇▇▇▇▇▇▇▇▇▇▇▇▇▇▇▇▇▇▇▇▇▇▇▇▇▇▇▇▇▇▇▇▇▇▇▇100.0%
(0.575, 19.85999232844404)
(0.62, 21.41432921991949)
(0.615, 21.24160335404773)
(0.595, 20.550831824136665)
(0.525, 18.1330375167499)
0.586 0.03847076812334268
20.239958848659562 1.3287749570836054
mnist8.none
计算关联矩阵中...
▇▇▇▇▇▇▇▇▇▇▇▇▇▇▇▇▇▇▇▇▇▇▇▇▇▇▇▇▇▇▇▇▇▇▇▇▇▇▇▇▇▇▇▇▇▇▇▇▇100.0%
使用mi_graph计算距离矩阵...
▇▇▇▇▇▇▇▇▇▇▇▇▇▇▇▇▇▇▇▇▇▇▇▇▇▇▇▇▇▇▇▇▇▇▇▇▇▇▇▇▇▇▇▇▇▇▇▇▇100.0%
(0.565, 19.514664534302195)
(0.5449999999999999, 18.823857022506775)
(0.605, 20.89618760418856)
(0.5700000000000001, 19.687366412251052)
(0.64, 22.105056771971896)
0.5850000000000001 0.037583240945932295
20.205426469044095 1.2980772937469727
mnist9.none
计算关联矩阵中...
▇▇▇▇▇▇▇▇▇▇▇▇▇▇▇▇▇▇▇▇▇▇▇▇▇▇▇▇▇▇▇▇▇▇▇▇▇▇▇▇▇▇▇▇▇▇▇▇▇100.0%
使用mi_graph计算距离矩阵...
▇▇▇▇▇▇▇▇▇▇▇▇▇▇▇▇▇▇▇▇▇▇▇▇▇▇▇▇▇▇▇▇▇▇▇▇▇▇▇▇▇▇▇▇▇▇▇▇▇100.0%
(0.5700000000000001, 19.687306442443788)
(0.5549999999999999, 19.16930475626315)
(0.5800000000000001, 20.032742182238707)
(0.595, 20.550779850303705)
(0.5700000000000001, 19.6873624142639)
0.5740000000000001 0.014747881203752635
19.82549912910265 0.5093505259636383
fashion_mnist0.none
计算关联矩阵中...
▇▇▇▇▇▇▇▇▇▇▇▇▇▇▇▇▇▇▇▇▇▇▇▇▇▇▇▇▇▇▇▇▇▇▇▇▇▇▇▇▇▇▇▇▇▇▇▇▇100.0%
使用mi_graph计算距离矩阵...
▇▇▇▇▇▇▇▇▇▇▇▇▇▇▇▇▇▇▇▇▇▇▇▇▇▇▇▇▇▇▇▇▇▇▇▇▇▇▇▇▇▇▇▇▇▇▇▇▇100.0%
(0.275, 9.49833542204793)
(0.26, 8.980245780149966)
(0.255, 8.807555896162565)
(0.27, 9.325641540073375)
(0.235, 8.116768374302898)
0.259 0.01557241150239745
8.945709402547347 0.5378583288295905
fashion_mnist1.none
计算关联矩阵中...
▇▇▇▇▇▇▇▇▇▇▇▇▇▇▇▇▇▇▇▇▇▇▇▇▇▇▇▇▇▇▇▇▇▇▇▇▇▇▇▇▇▇▇▇▇▇▇▇▇100.0%
使用mi_graph计算距离矩阵...
▇▇▇▇▇▇▇▇▇▇▇▇▇▇▇▇▇▇▇▇▇▇▇▇▇▇▇▇▇▇▇▇▇▇▇▇▇▇▇▇▇▇▇▇▇▇▇▇▇100.0%
(0.19999999999999996, 6.907907202493874)
(0.20499999999999996, 7.0806050824555795)
(0.21499999999999997, 7.426004840366138)
(0.22999999999999998, 7.9440944822641)
(0.22999999999999998, 7.9440984802512515)
0.21599999999999997 0.013874436925511621
7.460542017566188 0.47921810504720036
fashion_mnist2.none
计算关联矩阵中...
▇▇▇▇▇▇▇▇▇▇▇▇▇▇▇▇▇▇▇▇▇▇▇▇▇▇▇▇▇▇▇▇▇▇▇▇▇▇▇▇▇▇▇▇▇▇▇▇▇100.0%
使用mi_graph计算距离矩阵...
▇▇▇▇▇▇▇▇▇▇▇▇▇▇▇▇▇▇▇▇▇▇▇▇▇▇▇▇▇▇▇▇▇▇▇▇▇▇▇▇▇▇▇▇▇▇▇▇▇100.0%
(0.32999999999999996, 11.39806007747249)
(0.33499999999999996, 11.570757957434193)
(0.32999999999999996, 11.39806007747249)
(0.32999999999999996, 11.398060077472492)
(0.32999999999999996, 11.39806007747249)
0.33099999999999996 0.0022360679774997916
11.43259965346483 0.07723283983289311
fashion_mnist3.none
计算关联矩阵中...
▇▇▇▇▇▇▇▇▇▇▇▇▇▇▇▇▇▇▇▇▇▇▇▇▇▇▇▇▇▇▇▇▇▇▇▇▇▇▇▇▇▇▇▇▇▇▇▇▇100.0%
使用mi_graph计算距离矩阵...
▇▇▇▇▇▇▇▇▇▇▇▇▇▇▇▇▇▇▇▇▇▇▇▇▇▇▇▇▇▇▇▇▇▇▇▇▇▇▇▇▇▇▇▇▇▇▇▇▇100.0%
(0.29000000000000004, 10.016477037778854)
(0.31499999999999995, 10.879962439600227)
(0.31499999999999995, 10.879962439600227)
(0.30500000000000005, 10.534570677663966)
(0.30500000000000005, 10.53457067766397)
0.30600000000000005 0.01024695076595956
10.569108654461449 0.353923578936879
fashion_mnist4.none
计算关联矩阵中...
▇▇▇▇▇▇▇▇▇▇▇▇▇▇▇▇▇▇▇▇▇▇▇▇▇▇▇▇▇▇▇▇▇▇▇▇▇▇▇▇▇▇▇▇▇▇▇▇▇100.0%
使用mi_graph计算距离矩阵...
▇▇▇▇▇▇▇▇▇▇▇▇▇▇▇▇▇▇▇▇▇▇▇▇▇▇▇▇▇▇▇▇▇▇▇▇▇▇▇▇▇▇▇▇▇▇▇▇▇100.0%
(0.31000000000000005, 10.707268557625673)
(0.31000000000000005, 10.707268557625673)
(0.31499999999999995, 10.879958441613075)
(0.31499999999999995, 10.879966437587377)
(0.31499999999999995, 10.879966437587377)
0.313 0.002738612787525772
10.810885686407834 0.09458906468617441
fashion_mnist5.none
计算关联矩阵中...
▇▇▇▇▇▇▇▇▇▇▇▇▇▇▇▇▇▇▇▇▇▇▇▇▇▇▇▇▇▇▇▇▇▇▇▇▇▇▇▇▇▇▇▇▇▇▇▇▇100.0%
使用mi_graph计算距离矩阵...
▇▇▇▇▇▇▇▇▇▇▇▇▇▇▇▇▇▇▇▇▇▇▇▇▇▇▇▇▇▇▇▇▇▇▇▇▇▇▇▇▇▇▇▇▇▇▇▇▇100.0%
(0.28500000000000003, 9.843643226254017)
(0.29500000000000004, 10.189034988190276)
(0.29000000000000004, 10.016341106215721)
(0.28, 9.670953342266614)
(0.29500000000000004, 10.189034988190276)
0.28900000000000003 0.006519202405202654
9.981801530223382 0.22516588741595658
fashion_mnist6.none
计算关联矩阵中...
▇▇▇▇▇▇▇▇▇▇▇▇▇▇▇▇▇▇▇▇▇▇▇▇▇▇▇▇▇▇▇▇▇▇▇▇▇▇▇▇▇▇▇▇▇▇▇▇▇100.0%
使用mi_graph计算距离矩阵...
▇▇▇▇▇▇▇▇▇▇▇▇▇▇▇▇▇▇▇▇▇▇▇▇▇▇▇▇▇▇▇▇▇▇▇▇▇▇▇▇▇▇▇▇▇▇▇▇▇100.0%
(0.38, 13.125034879102381)
(0.375, 12.95233699914068)
(0.375, 12.95234099712783)
(0.38, 13.125034879102381)
(0.375, 12.95234099712783)
0.37699999999999995 0.002738612787525833
13.02141775032022 0.09458906464392716
fashion_mnist7.none
计算关联矩阵中...
▇▇▇▇▇▇▇▇▇▇▇▇▇▇▇▇▇▇▇▇▇▇▇▇▇▇▇▇▇▇▇▇▇▇▇▇▇▇▇▇▇▇▇▇▇▇▇▇▇100.0%
使用mi_graph计算距离矩阵...
▇▇▇▇▇▇▇▇▇▇▇▇▇▇▇▇▇▇▇▇▇▇▇▇▇▇▇▇▇▇▇▇▇▇▇▇▇▇▇▇▇▇▇▇▇▇▇▇▇100.0%
(0.07499999999999996, 2.5904681994255667)
(0.06999999999999995, 2.417770319463862)
(0.07499999999999996, 2.590464201438416)
(0.07999999999999996, 2.76316208140012)
(0.07499999999999996, 2.590464201438416)
0.07499999999999996 0.0035355339059327407
2.590465800633276 0.12211442852700193
fashion_mnist8.none
计算关联矩阵中...
▇▇▇▇▇▇▇▇▇▇▇▇▇▇▇▇▇▇▇▇▇▇▇▇▇▇▇▇▇▇▇▇▇▇▇▇▇▇▇▇▇▇▇▇▇▇▇▇▇100.0%
使用mi_graph计算距离矩阵...
▇▇▇▇▇▇▇▇▇▇▇▇▇▇▇▇▇▇▇▇▇▇▇▇▇▇▇▇▇▇▇▇▇▇▇▇▇▇▇▇▇▇▇▇▇▇▇▇▇100.0%
(0.49, 16.924192336889483)
(0.5700000000000001, 19.687370410238206)
(0.46499999999999997, 16.060734920978167)
(0.5700000000000001, 19.687290450495183)
(0.51, 17.6149838567363)
0.5209999999999999 0.0474868402823351
17.994914395067468 1.640151460543093
fashion_mnist9.none
计算关联矩阵中...
▇▇▇▇▇▇▇▇▇▇▇▇▇▇▇▇▇▇▇▇▇▇▇▇▇▇▇▇▇▇▇▇▇▇▇▇▇▇▇▇▇▇▇▇▇▇▇▇▇100.0%
使用mi_graph计算距离矩阵...
▇▇▇▇▇▇▇▇▇▇▇▇▇▇▇▇▇▇▇▇▇▇▇▇▇▇▇▇▇▇▇▇▇▇▇▇▇▇▇▇▇▇▇▇▇▇▇▇▇100.0%
(0.265, 9.152907678227313)
(0.26, 8.98020979826561)
(0.255, 8.807515916291056)
(0.255, 8.807515916291056)
(0.265, 9.152899682253011)
0.26000000000000006 0.0050000000000000044
8.980209798265609 0.17269388199769223
alt_atheism.mat
计算关联矩阵中...
▇▇▇▇▇▇▇▇▇▇▇▇▇▇▇▇▇▇▇▇▇▇▇▇▇▇▇▇▇▇▇▇▇▇▇▇▇▇▇▇▇▇▇▇▇▇▇▇▇100.0%
使用mi_graph计算距离矩阵...
▇▇▇▇▇▇▇▇▇▇▇▇▇▇▇▇▇▇▇▇▇▇▇▇▇▇▇▇▇▇▇▇▇▇▇▇▇▇▇▇▇▇▇▇▇▇▇▇▇100.0%
(0.27, 9.325557582343206)
(0.27, 9.325557582343206)
(0.26, 8.980161822419797)
(0.26, 8.980161822419797)
(0.26, 8.980161822419797)
0.264 0.0054772255750516665
9.118320126389161 0.18918104897669016
comp_graphics.mat
计算关联矩阵中...
▇▇▇▇▇▇▇▇▇▇▇▇▇▇▇▇▇▇▇▇▇▇▇▇▇▇▇▇▇▇▇▇▇▇▇▇▇▇▇▇▇▇▇▇▇▇▇▇▇100.0%
使用mi_graph计算距离矩阵...
▇▇▇▇▇▇▇▇▇▇▇▇▇▇▇▇▇▇▇▇▇▇▇▇▇▇▇▇▇▇▇▇▇▇▇▇▇▇▇▇▇▇▇▇▇▇▇▇▇100.0%
(0.22999999999999998, 7.944006526546778)
(0.22999999999999998, 7.9440065265467785)
(0.20999999999999996, 7.253215006699961)
(0.21999999999999997, 7.598618762597672)
(0.20999999999999996, 7.253207010725661)
0.21999999999999997 0.010000000000000009
7.598610766623369 0.34539775895747565
comp_os_ms-windows_misc.mat
计算关联矩阵中...
▇▇▇▇▇▇▇▇▇▇▇▇▇▇▇▇▇▇▇▇▇▇▇▇▇▇▇▇▇▇▇▇▇▇▇▇▇▇▇▇▇▇▇▇▇▇▇▇▇100.0%
使用mi_graph计算距离矩阵...
▇▇▇▇▇▇▇▇▇▇▇▇▇▇▇▇▇▇▇▇▇▇▇▇▇▇▇▇▇▇▇▇▇▇▇▇▇▇▇▇▇▇▇▇▇▇▇▇▇100.0%
(0.41000000000000003, 14.160978281656398)
(0.43999999999999995, 15.19714956947802)
(0.42000000000000004, 14.506382037554111)
(0.37, 12.779403237937066)
(0.4, 13.81558252173299)
0.40800000000000003 0.02588435821108956
14.091899129671717 0.8940278069641759
comp_sys_ibm_pc_hardware.mat
计算关联矩阵中...
▇▇▇▇▇▇▇▇▇▇▇▇▇▇▇▇▇▇▇▇▇▇▇▇▇▇▇▇▇▇▇▇▇▇▇▇▇▇▇▇▇▇▇▇▇▇▇▇▇100.0%
使用mi_graph计算距离矩阵...
▇▇▇▇▇▇▇▇▇▇▇▇▇▇▇▇▇▇▇▇▇▇▇▇▇▇▇▇▇▇▇▇▇▇▇▇▇▇▇▇▇▇▇▇▇▇▇▇▇100.0%
(0.31000000000000005, 10.707084650216725)
(0.33999999999999997, 11.743263934012651)
(0.31999999999999995, 11.052488406114437)
(0.32999999999999996, 11.397868174089245)
(0.31999999999999995, 11.052480410140138)
0.32399999999999995 0.011401754250991356
11.19063711491464 0.39380719902185485
comp_sys_mac_hardware.mat
计算关联矩阵中...
▇▇▇▇▇▇▇▇▇▇▇▇▇▇▇▇▇▇▇▇▇▇▇▇▇▇▇▇▇▇▇▇▇▇▇▇▇▇▇▇▇▇▇▇▇▇▇▇▇100.0%
使用mi_graph计算距离矩阵...
▇▇▇▇▇▇▇▇▇▇▇▇▇▇▇▇▇▇▇▇▇▇▇▇▇▇▇▇▇▇▇▇▇▇▇▇▇▇▇▇▇▇▇▇▇▇▇▇▇100.0%
(0.31000000000000005, 10.707148618011143)
(0.31000000000000005, 10.707148618011143)
(0.29000000000000004, 10.016357098164326)
(0.31000000000000005, 10.70714062203684)
(0.28, 9.670961338240916)
0.30000000000000004 0.014142135623730963
10.361751258892873 0.48846195457897734
comp_windows_x.mat
计算关联矩阵中...
▇▇▇▇▇▇▇▇▇▇▇▇▇▇▇▇▇▇▇▇▇▇▇▇▇▇▇▇▇▇▇▇▇▇▇▇▇▇▇▇▇▇▇▇▇▇▇▇▇100.0%
使用mi_graph计算距离矩阵...
▇▇▇▇▇▇▇▇▇▇▇▇▇▇▇▇▇▇▇▇▇▇▇▇▇▇▇▇▇▇▇▇▇▇▇▇▇▇▇▇▇▇▇▇▇▇▇▇▇100.0%
(0.32999999999999996, 11.39790015798645)
(0.36, 12.434079441782373)
(0.37, 12.77946720573148)
(0.32999999999999996, 11.397892162012148)
(0.36, 12.434079441782377)
0.35 0.018708286933869726
12.088683681858964 0.646172024221467
misc_forsale.mat
计算关联矩阵中...
▇▇▇▇▇▇▇▇▇▇▇▇▇▇▇▇▇▇▇▇▇▇▇▇▇▇▇▇▇▇▇▇▇▇▇▇▇▇▇▇▇▇▇▇▇▇▇▇▇100.0%
使用mi_graph计算距离矩阵...
▇▇▇▇▇▇▇▇▇▇▇▇▇▇▇▇▇▇▇▇▇▇▇▇▇▇▇▇▇▇▇▇▇▇▇▇▇▇▇▇▇▇▇▇▇▇▇▇▇100.0%
(0.37, 12.779411233911368)
(0.39, 13.470202753758185)
(0.38, 13.124798997860475)
(0.38, 13.12482298578338)
(0.42000000000000004, 14.506366045605505)
0.388 0.01923538406167136
13.401120403383782 0.6643712016471789
rec_autos.mat
计算关联矩阵中...
▇▇▇▇▇▇▇▇▇▇▇▇▇▇▇▇▇▇▇▇▇▇▇▇▇▇▇▇▇▇▇▇▇▇▇▇▇▇▇▇▇▇▇▇▇▇▇▇▇100.0%
使用mi_graph计算距离矩阵...
▇▇▇▇▇▇▇▇▇▇▇▇▇▇▇▇▇▇▇▇▇▇▇▇▇▇▇▇▇▇▇▇▇▇▇▇▇▇▇▇▇▇▇▇▇▇▇▇▇100.0%
(0.35, 12.08865969393606)
(0.33999999999999997, 11.743271929986951)
(0.35, 12.08865969393606)
(0.33999999999999997, 11.743271929986953)
(0.35, 12.08865969393606)
0.346 0.005477225575051666
11.950504588356416 0.1891766694011961
rec_motorcycles.mat
计算关联矩阵中...
▇▇▇▇▇▇▇▇▇▇▇▇▇▇▇▇▇▇▇▇▇▇▇▇▇▇▇▇▇▇▇▇▇▇▇▇▇▇▇▇▇▇▇▇▇▇▇▇▇100.0%
使用mi_graph计算距离矩阵...
▇▇▇▇▇▇▇▇▇▇▇▇▇▇▇▇▇▇▇▇▇▇▇▇▇▇▇▇▇▇▇▇▇▇▇▇▇▇▇▇▇▇▇▇▇▇▇▇▇100.0%
(0.33999999999999997, 11.743311909858463)
(0.33999999999999997, 11.743319905832767)
(0.30000000000000004, 10.361744862113433)
(0.35, 12.08870766978187)
(0.35, 12.088691677833268)
0.336 0.02073644135332769
11.60515520508396 0.716218637569476
rec_sport_baseball.mat
计算关联矩阵中...
▇▇▇▇▇▇▇▇▇▇▇▇▇▇▇▇▇▇▇▇▇▇▇▇▇▇▇▇▇▇▇▇▇▇▇▇▇▇▇▇▇▇▇▇▇▇▇▇▇100.0%
使用mi_graph计算距离矩阵...
▇▇▇▇▇▇▇▇▇▇▇▇▇▇▇▇▇▇▇▇▇▇▇▇▇▇▇▇▇▇▇▇▇▇▇▇▇▇▇▇▇▇▇▇▇▇▇▇▇100.0%
(0.30000000000000004, 10.361696886267621)
(0.29000000000000004, 10.016309122318514)
(0.31000000000000005, 10.707092646191029)
(0.29000000000000004, 10.016309122318512)
(0.30000000000000004, 10.361696886267621)
0.29800000000000004 0.008366600265340763
10.292620932672659 0.28897500286328026
rec_sport_hockey.mat
计算关联矩阵中...
▇▇▇▇▇▇▇▇▇▇▇▇▇▇▇▇▇▇▇▇▇▇▇▇▇▇▇▇▇▇▇▇▇▇▇▇▇▇▇▇▇▇▇▇▇▇▇▇▇100.0%
使用mi_graph计算距离矩阵...
▇▇▇▇▇▇▇▇▇▇▇▇▇▇▇▇▇▇▇▇▇▇▇▇▇▇▇▇▇▇▇▇▇▇▇▇▇▇▇▇▇▇▇▇▇▇▇▇▇100.0%
(0.20999999999999996, 7.253223002674263)
(0.19999999999999996, 6.907819246776553)
(0.18999999999999995, 6.562431482827446)
(0.19999999999999996, 6.907827242750856)
(0.19999999999999996, 6.907819246776553)
0.19999999999999996 0.007071067811865481
6.907824044361133 0.24423168407419032
sci_crypt.mat
计算关联矩阵中...
▇▇▇▇▇▇▇▇▇▇▇▇▇▇▇▇▇▇▇▇▇▇▇▇▇▇▇▇▇▇▇▇▇▇▇▇▇▇▇▇▇▇▇▇▇▇▇▇▇100.0%
使用mi_graph计算距离矩阵...
▇▇▇▇▇▇▇▇▇▇▇▇▇▇▇▇▇▇▇▇▇▇▇▇▇▇▇▇▇▇▇▇▇▇▇▇▇▇▇▇▇▇▇▇▇▇▇▇▇100.0%
(0.30000000000000004, 10.361752858087733)
(0.33999999999999997, 11.743311909858463)
(0.30000000000000004, 10.36173686613913)
(0.31000000000000005, 10.707140622036839)
(0.30000000000000004, 10.361736866139129)
0.31 0.01732050807568874
10.70713582445226 0.5982372343504476
sci_electronics.mat
计算关联矩阵中...
▇▇▇▇▇▇▇▇▇▇▇▇▇▇▇▇▇▇▇▇▇▇▇▇▇▇▇▇▇▇▇▇▇▇▇▇▇▇▇▇▇▇▇▇▇▇▇▇▇100.0%
使用mi_graph计算距离矩阵...
▇▇▇▇▇▇▇▇▇▇▇▇▇▇▇▇▇▇▇▇▇▇▇▇▇▇▇▇▇▇▇▇▇▇▇▇▇▇▇▇▇▇▇▇▇▇▇▇▇100.0%
(0.14, 4.8354926630819115)
(0.14, 4.8354926630819115)
(0.14, 4.8354926630819115)
(0.13, 4.490104899132805)
(0.14, 4.8354926630819115)
0.138 0.004472135954999583
4.76641511029209 0.1544621037573706
sci_med.mat
计算关联矩阵中...
▇▇▇▇▇▇▇▇▇▇▇▇▇▇▇▇▇▇▇▇▇▇▇▇▇▇▇▇▇▇▇▇▇▇▇▇▇▇▇▇▇▇▇▇▇▇▇▇▇100.0%
使用mi_graph计算距离矩阵...
▇▇▇▇▇▇▇▇▇▇▇▇▇▇▇▇▇▇▇▇▇▇▇▇▇▇▇▇▇▇▇▇▇▇▇▇▇▇▇▇▇▇▇▇▇▇▇▇▇100.0%
(0.28, 9.671009314086728)
(0.29000000000000004, 10.016397078035833)
(0.30000000000000004, 10.361792837959245)
(0.28, 9.671009314086728)
(0.29000000000000004, 10.016397078035837)
0.28800000000000003 0.008366600265340763
9.947321124440872 0.28897500286328043
sci_religion_christian.mat
计算关联矩阵中...
▇▇▇▇▇▇▇▇▇▇▇▇▇▇▇▇▇▇▇▇▇▇▇▇▇▇▇▇▇▇▇▇▇▇▇▇▇▇▇▇▇▇▇▇▇▇▇▇▇100.0%
使用mi_graph计算距离矩阵...
▇▇▇▇▇▇▇▇▇▇▇▇▇▇▇▇▇▇▇▇▇▇▇▇▇▇▇▇▇▇▇▇▇▇▇▇▇▇▇▇▇▇▇▇▇▇▇▇▇100.0%
(0.25, 8.634782054444992)
(0.25, 8.634774058470692)
(0.28, 9.670945346292312)
(0.25, 8.634782054444992)
(0.25, 8.634774058470692)
0.256 0.01341640786499875
8.842011514424735 0.4633880992435671
sci_space.mat
计算关联矩阵中...
▇▇▇▇▇▇▇▇▇▇▇▇▇▇▇▇▇▇▇▇▇▇▇▇▇▇▇▇▇▇▇▇▇▇▇▇▇▇▇▇▇▇▇▇▇▇▇▇▇100.0%
使用mi_graph计算距离矩阵...
▇▇▇▇▇▇▇▇▇▇▇▇▇▇▇▇▇▇▇▇▇▇▇▇▇▇▇▇▇▇▇▇▇▇▇▇▇▇▇▇▇▇▇▇▇▇▇▇▇100.0%
(0.39, 13.470242733629693)
(0.4, 13.815630497578802)
(0.39, 13.470234737655392)
(0.42000000000000004, 14.506406025477014)
(0.4, 13.815622501604501)
0.4 0.012247448713915901
13.81562729918908 0.4230135247290198
talk_politics_guns.mat
计算关联矩阵中...
▇▇▇▇▇▇▇▇▇▇▇▇▇▇▇▇▇▇▇▇▇▇▇▇▇▇▇▇▇▇▇▇▇▇▇▇▇▇▇▇▇▇▇▇▇▇▇▇▇100.0%
使用mi_graph计算距离矩阵...
▇▇▇▇▇▇▇▇▇▇▇▇▇▇▇▇▇▇▇▇▇▇▇▇▇▇▇▇▇▇▇▇▇▇▇▇▇▇▇▇▇▇▇▇▇▇▇▇▇100.0%
(0.31999999999999995, 11.052560369883153)
(0.32999999999999996, 11.397948133832262)
(0.32999999999999996, 11.397948133832262)
(0.32999999999999996, 11.397956129806564)
(0.33999999999999997, 11.743343893755672)
0.32999999999999996 0.007071067811865481
11.397951332221982 0.24422885705400477
talk_politics_mideast.mat
计算关联矩阵中...
▇▇▇▇▇▇▇▇▇▇▇▇▇▇▇▇▇▇▇▇▇▇▇▇▇▇▇▇▇▇▇▇▇▇▇▇▇▇▇▇▇▇▇▇▇▇▇▇▇100.0%
使用mi_graph计算距离矩阵...
▇▇▇▇▇▇▇▇▇▇▇▇▇▇▇▇▇▇▇▇▇▇▇▇▇▇▇▇▇▇▇▇▇▇▇▇▇▇▇▇▇▇▇▇▇▇▇▇▇100.0%
(0.31000000000000005, 10.707108638139632)
(0.30000000000000004, 10.361720874190526)
(0.31000000000000005, 10.707116634113934)
(0.31000000000000005, 10.707108638139632)
(0.28, 9.670937350318011)
0.30200000000000005 0.013038404810405309
10.430798426980347 0.45033514777917655
talk_politics_misc.mat
计算关联矩阵中...
▇▇▇▇▇▇▇▇▇▇▇▇▇▇▇▇▇▇▇▇▇▇▇▇▇▇▇▇▇▇▇▇▇▇▇▇▇▇▇▇▇▇▇▇▇▇▇▇▇100.0%
使用mi_graph计算距离矩阵...
▇▇▇▇▇▇▇▇▇▇▇▇▇▇▇▇▇▇▇▇▇▇▇▇▇▇▇▇▇▇▇▇▇▇▇▇▇▇▇▇▇▇▇▇▇▇▇▇▇100.0%
(0.36, 12.434071445808073)
(0.36, 12.434071445808073)
(0.38, 13.12485496968059)
(0.37, 12.779459209757178)
(0.42000000000000004, 14.506422017425619)
0.378 0.024899799195977488
13.055775817695906 0.8600188727436214
talk_religion_misc.mat
计算关联矩阵中...
▇▇▇▇▇▇▇▇▇▇▇▇▇▇▇▇▇▇▇▇▇▇▇▇▇▇▇▇▇▇▇▇▇▇▇▇▇▇▇▇▇▇▇▇▇▇▇▇▇100.0%
使用mi_graph计算距离矩阵...
▇▇▇▇▇▇▇▇▇▇▇▇▇▇▇▇▇▇▇▇▇▇▇▇▇▇▇▇▇▇▇▇▇▇▇▇▇▇▇▇▇▇▇▇▇▇▇▇▇100.0%
(0.37, 12.779443217808575)
(0.36, 12.434047457885168)
(0.37, 12.779443217808575)
(0.36, 12.434055453859468)
(0.38, 13.124830981757682)
0.368 0.008366600265340763
12.710364065823892 0.28897404716945735