musk1+.mat
(0.6111111111111112, 21.107296551588814)
(0.5888888888888889, 20.339750418425687)
(0.5888888888888889, 20.339732649593902)
(0.5888888888888889, 20.339750418425684)
(0.6, 20.723496831759576)
0.5955555555555556 0.009938079899999073
20.57000537395873 0.3432570661539247
musk2+.mat
(0.5, 17.269596092787193)
(0.47, 16.23342480496557)
(0.48, 16.57882056488898)
(0.52, 17.960379616659708)
(0.54, 18.651147148583618)
0.502 0.028635642126552733
17.33867364557701 0.9890435307378758
mutagenesis1.mat
使用max_hausdorff计算距离矩阵...
▇▇▇▇▇▇▇▇▇▇▇▇▇▇▇▇▇▇▇▇▇▇▇▇▇▇▇▇▇▇▇▇▇▇▇▇▇▇▇▇▇▇▇▇▇▇▇▇▇100.0%
(0.5833333333333333, 20.1478638851349)
(0.5777777777777777, 19.955972909636174)
(0.5777777777777777, 19.955968467428228)
(0.5722222222222222, 19.764081934137444)
(0.5777777777777777, 19.95595514080439)
0.5777777777777777 0.003928371006591917
19.955968467428228 0.13568741024179926
mutagenesis2.mat
使用max_hausdorff计算距离矩阵...
▇▇▇▇▇▇▇▇▇▇▇▇▇▇▇▇▇▇▇▇▇▇▇▇▇▇▇▇▇▇▇▇▇▇▇▇▇▇▇▇▇▇▇▇▇▇▇▇100.0%
(0.44999999999999996, 15.542609297195844)
(0.35, 12.088711667769022)
(0.525, 18.133057506685656)
(0.42500000000000004, 14.679139887323078)
(0.525, 18.133057506685656)
0.45499999999999996 0.07373940601876315
15.71531517313185 2.546894948291452
elephant+.mat
(0.615, 21.24161534800918)
(0.635, 21.932434853766058)
(0.595, 20.55085181407242)
(0.6, 20.723541698059826)
(0.615, 21.241627341970634)
0.6119999999999999 0.015652475842498542
21.138014211175623 0.5406293042604731
tiger+.mat
(0.605, 20.896215590098628)
(0.62, 21.414309229983736)
(0.605, 20.896219588085778)
(0.615, 21.24161135002203)
(0.615, 21.241615348009187)
0.6120000000000001 0.006708203932499375
21.13799422123987 0.23169792352352522
web1+.mat
使用max_hausdorff计算距离矩阵...
▇▇▇▇▇▇▇▇▇▇▇▇▇▇▇▇▇▇▇▇▇▇▇▇▇▇▇▇▇▇▇▇▇▇▇▇▇▇▇▇▇▇▇▇▇▇▇▇▇100.0%
(0.19999999999999996, 6.907777086184778)
(0.19090909090909092, 6.593766402664768)
(0.2272727272727273, 7.8497727914070765)
(0.19999999999999996, 6.907762548049684)
(0.18181818181818177, 6.279777526347396)
0.19999999999999998 0.01700753357624521
6.90777127093074 0.5874397980261843
web2+.mat
使用max_hausdorff计算距离矩阵...
▇▇▇▇▇▇▇▇▇▇▇▇▇▇▇▇▇▇▇▇▇▇▇▇▇▇▇▇▇▇▇▇▇▇▇▇▇▇▇▇▇▇▇▇▇▇▇▇▇100.0%
(0.19090909090909092, 6.593766402664766)
(0.18181818181818177, 6.279777526347397)
(0.17272727272727273, 5.965788650030026)
(0.2090909090909091, 7.22178776970479)
(0.18181818181818177, 6.279777526347397)
0.18727272727272726 0.013787046261911925
6.468179575018875 0.476204963165624
web3+.mat
使用max_hausdorff计算距离矩阵...
▇▇▇▇▇▇▇▇▇▇▇▇▇▇▇▇▇▇▇▇▇▇▇▇▇▇▇▇▇▇▇▇▇▇▇▇▇▇▇▇▇▇▇▇▇▇▇▇▇100.0%
(0.19090909090909092, 6.593766402664767)
(0.2909090909090909, 10.047738540033949)
(0.26363636363636367, 9.105757372946744)
(0.28181818181818186, 9.73374966371658)
(0.19090909090909092, 6.593766402664767)
0.24363636363636365 0.049124567585841085
8.414955676405361 1.696751689718286
web4+.mat
使用max_hausdorff计算距离矩阵...
▇▇▇▇▇▇▇▇▇▇▇▇▇▇▇▇▇▇▇▇▇▇▇▇▇▇▇▇▇▇▇▇▇▇▇▇▇▇▇▇▇▇▇▇▇▇▇▇▇100.0%
(0.3090909090909091, 10.675767176141516)
(0.2909090909090909, 10.047811230709419)
(0.28181818181818186, 9.733807816256958)
(0.24545454545454548, 8.477874118190119)
(0.2545454545454545, 8.791848456372394)
0.27636363636363637 0.026190655074341693
9.54542175953408 0.9045849791116835
web5+.mat
使用max_hausdorff计算距离矩阵...
▇▇▇▇▇▇▇▇▇▇▇▇▇▇▇▇▇▇▇▇▇▇▇▇▇▇▇▇▇▇▇▇▇▇▇▇▇▇▇▇▇▇▇▇▇▇▇▇▇100.0%
(0.32727272727272727, 11.303759466911352)
(0.32727272727272727, 11.303752197843803)
(0.2272727272727273, 7.849903634622928)
(0.21818181818181814, 7.535907489238011)
(0.3090909090909091, 10.675774445209067)
0.28181818181818186 0.05454545454545455
9.733819446765033 1.8839211427989624
web6+.mat
使用max_hausdorff计算距离矩阵...
▇▇▇▇▇▇▇▇▇▇▇▇▇▇▇▇▇▇▇▇▇▇▇▇▇▇▇▇▇▇▇▇▇▇▇▇▇▇▇▇▇▇▇▇▇▇▇▇▇100.0%
(0.21818181818181814, 7.535900220170464)
(0.2090909090909091, 7.221911343853094)
(0.19999999999999996, 6.907915198468176)
(0.21818181818181814, 7.535907489238012)
(0.2727272727272727, 9.419818939939587)
0.22363636363636363 0.028459046986360963
7.724290638333867 0.9829355518552487
web7+.mat
使用max_hausdorff计算距离矩阵...
▇▇▇▇▇▇▇▇▇▇▇▇▇▇▇▇▇▇▇▇▇▇▇▇▇▇▇▇▇▇▇▇▇▇▇▇▇▇▇▇▇▇▇▇▇▇▇▇▇100.0%
(0.4727272727272728, 16.32761056425946)
(0.5272727272727273, 18.211572898433865)
(0.5272727272727273, 18.211572898433868)
(0.44545454545454544, 15.385629397172254)
(0.5454545454545454, 18.839557920136155)
0.5036363636363637 0.04244588192701365
17.39518873568712 1.4660508543766921
web8+.mat
使用max_hausdorff计算距离矩阵...
▇▇▇▇▇▇▇▇▇▇▇▇▇▇▇▇▇▇▇▇▇▇▇▇▇▇▇▇▇▇▇▇▇▇▇▇▇▇▇▇▇▇▇▇▇▇▇▇▇100.0%
(0.5, 17.26959173134666)
(0.4727272727272728, 16.327603295191913)
(0.509090909090909, 17.583573338596487)
(0.4818181818181818, 16.64159944057683)
(0.5, 17.26959173134666)
0.4927272727272728 0.014937887931959047
17.01839190741171 0.5159443339843072
web9+.mat
使用max_hausdorff计算距离矩阵...
▇▇▇▇▇▇▇▇▇▇▇▇▇▇▇▇▇▇▇▇▇▇▇▇▇▇▇▇▇▇▇▇▇▇▇▇▇▇▇▇▇▇▇▇▇▇▇▇▇100.0%
(0.4818181818181818, 16.64159944057683)
(0.5181818181818182, 17.897562214913854)
(0.5, 17.26959173134666)
(0.5363636363636364, 18.52555450568369)
(0.5181818181818182, 17.897562214913854)
0.5109090909090909 0.02073046227452979
17.64637402148698 0.7160108577097535
mnist0.none
使用max_hausdorff计算距离矩阵...
▇▇▇▇▇▇▇▇▇▇▇▇▇▇▇▇▇▇▇▇▇▇▇▇▇▇▇▇▇▇▇▇▇▇▇▇▇▇▇▇▇▇▇▇▇▇▇▇▇100.0%
(0.935, 32.29412774204653)
(0.955, 32.984915263906196)
(0.945, 32.63952749995708)
(0.955, 32.98490726793189)
(0.945, 32.63951950398278)
0.9470000000000001 0.008366600265340723
32.7085994555649 0.28897500289093625
mnist1.none
使用max_hausdorff计算距离矩阵...
▇▇▇▇▇▇▇▇▇▇▇▇▇▇▇▇▇▇▇▇▇▇▇▇▇▇▇▇▇▇▇▇▇▇▇▇▇▇▇▇▇▇▇▇▇▇▇▇▇100.0%
(0.53, 18.305759384634513)
(0.405, 13.988356363450562)
(0.515, 17.787669742736547)
(0.41500000000000004, 14.333772113309728)
(0.54, 18.65115514455792)
0.48100000000000004 0.06551717332119876
16.613342549737855 2.2629070420424546
mnist2.none
使用max_hausdorff计算距离矩阵...
▇▇▇▇▇▇▇▇▇▇▇▇▇▇▇▇▇▇▇▇▇▇▇▇▇▇▇▇▇▇▇▇▇▇▇▇▇▇▇▇▇▇▇▇▇▇▇▇▇100.0%
(0.7050000000000001, 24.350121215499748)
(0.7, 24.177423335538048)
(0.6699999999999999, 23.14127603563933)
(0.71, 24.522815097474304)
(0.685, 23.659341689614383)
0.6940000000000001 0.01635542723379614
23.97019547475316 0.5648922274336221
mnist3.none
使用max_hausdorff计算距离矩阵...
▇▇▇▇▇▇▇▇▇▇▇▇▇▇▇▇▇▇▇▇▇▇▇▇▇▇▇▇▇▇▇▇▇▇▇▇▇▇▇▇▇▇▇▇▇▇▇▇▇100.0%
(0.595, 20.550811834200914)
(0.585, 20.2054000823289)
(0.5900000000000001, 20.378113954239208)
(0.6, 20.72350971416262)
(0.5700000000000001, 19.687330430366693)
0.5880000000000001 0.01151086443322131
20.309033203059663 0.3975782929822349
mnist4.none
使用max_hausdorff计算距离矩阵...
▇▇▇▇▇▇▇▇▇▇▇▇▇▇▇▇▇▇▇▇▇▇▇▇▇▇▇▇▇▇▇▇▇▇▇▇▇▇▇▇▇▇▇▇▇▇▇▇▇100.0%
(0.6599999999999999, 22.79584429383156)
(0.5900000000000001, 20.378105958264907)
(0.62, 21.414301234009436)
(0.61, 21.068885484150268)
(0.595, 20.550811834200914)
0.615 0.027838821814150063
21.24158976089142 0.9615276380215796
mnist5.none
使用max_hausdorff计算距离矩阵...
▇▇▇▇▇▇▇▇▇▇▇▇▇▇▇▇▇▇▇▇▇▇▇▇▇▇▇▇▇▇▇▇▇▇▇▇▇▇▇▇▇▇▇▇▇▇▇▇▇100.0%
(0.575, 19.86002431234125)
(0.5900000000000001, 20.378117952226358)
(0.5800000000000001, 20.032718194315798)
(0.53, 18.305755386647363)
(0.585, 20.205416074277505)
0.5720000000000001 0.02413503677229434
19.756406383961654 0.8336078490128774
mnist6.none
使用max_hausdorff计算距离矩阵...
▇▇▇▇▇▇▇▇▇▇▇▇▇▇▇▇▇▇▇▇▇▇▇▇▇▇▇▇▇▇▇▇▇▇▇▇▇▇▇▇▇▇▇▇▇▇▇▇▇100.0%
(0.8, 27.631332958926322)
(0.745, 25.731672271296176)
(0.72, 24.868190867461955)
(0.79, 27.28593719900291)
(0.755, 26.077068031219586)
0.7619999999999999 0.03290136775272423
26.318840265581393 1.1363887200032652
mnist7.none
使用max_hausdorff计算距离矩阵...
▇▇▇▇▇▇▇▇▇▇▇▇▇▇▇▇▇▇▇▇▇▇▇▇▇▇▇▇▇▇▇▇▇▇▇▇▇▇▇▇▇▇▇▇▇▇▇▇▇100.0%
(0.55, 18.996546906494178)
(0.5349999999999999, 18.478453266609066)
(0.5549999999999999, 19.169240788468734)
(0.54, 18.65115114657077)
(0.5349999999999999, 18.478453266609066)
0.5429999999999999 0.009082951062292496
18.754769074950364 0.31371995796138474
mnist8.none
使用max_hausdorff计算距离矩阵...
▇▇▇▇▇▇▇▇▇▇▇▇▇▇▇▇▇▇▇▇▇▇▇▇▇▇▇▇▇▇▇▇▇▇▇▇▇▇▇▇▇▇▇▇▇▇▇▇▇100.0%
(0.5, 17.26957610285144)
(0.54, 18.65115514455792)
(0.515, 17.787669742736547)
(0.5549999999999999, 19.169248784443035)
(0.54, 18.651163140532223)
0.53 0.022079402165819606
18.305762583024233 0.7626120572710199
mnist9.none
使用max_hausdorff计算距离矩阵...
▇▇▇▇▇▇▇▇▇▇▇▇▇▇▇▇▇▇▇▇▇▇▇▇▇▇▇▇▇▇▇▇▇▇▇▇▇▇▇▇▇▇▇▇▇▇▇▇▇100.0%
(0.52, 17.960371620685404)
(0.515, 17.7876737407237)
(0.56, 19.341906684533228)
(0.585, 20.20542806823896)
(0.505, 17.44229797073605)
0.537 0.034022051672407995
18.547535616983467 1.1750887899552895
fashion_mnist0.none
使用max_hausdorff计算距离矩阵...
▇▇▇▇▇▇▇▇▇▇▇▇▇▇▇▇▇▇▇▇▇▇▇▇▇▇▇▇▇▇▇▇▇▇▇▇▇▇▇▇▇▇▇▇▇▇▇▇▇100.0%
(0.56, 19.341938668430434)
(0.565, 19.51463255040499)
(0.53, 18.305767380608813)
(0.5449999999999999, 18.823857022506775)
(0.56, 19.341922676481833)
0.552 0.014404860290887936
19.06562365968657 0.4975270812705717
fashion_mnist1.none
使用max_hausdorff计算距离矩阵...
▇▇▇▇▇▇▇▇▇▇▇▇▇▇▇▇▇▇▇▇▇▇▇▇▇▇▇▇▇▇▇▇▇▇▇▇▇▇▇▇▇▇▇▇▇▇▇▇▇100.0%
(0.9299999999999999, 32.121433860071974)
(0.9299999999999999, 32.12143386007197)
(0.925, 31.948735980110268)
(0.935, 32.29412374405938)
(0.935, 32.29412774204653)
0.931 0.004183300132670395
32.155971037272025 0.1444865457417693
fashion_mnist2.none
使用max_hausdorff计算距离矩阵...
▇▇▇▇▇▇▇▇▇▇▇▇▇▇▇▇▇▇▇▇▇▇▇▇▇▇▇▇▇▇▇▇▇▇▇▇▇▇▇▇▇▇▇▇▇▇▇▇▇100.0%
(0.53, 18.305763382621663)
(0.645, 22.277766645895053)
(0.5900000000000001, 20.37812195021351)
(0.5349999999999999, 18.478457264596216)
(0.605, 20.89620359613717)
0.581 0.04865696250281148
20.067262567892723 1.6805718323120309
fashion_mnist3.none
使用max_hausdorff计算距离矩阵...
▇▇▇▇▇▇▇▇▇▇▇▇▇▇▇▇▇▇▇▇▇▇▇▇▇▇▇▇▇▇▇▇▇▇▇▇▇▇▇▇▇▇▇▇▇▇▇▇▇100.0%
(0.8049999999999999, 27.804042832849483)
(0.8049999999999999, 27.80403483687518)
(0.8049999999999999, 27.804038834862325)
(0.81, 27.976732716836878)
(0.815, 28.149430596798585)
0.808 0.004472135954999596
27.907655963644494 0.1544636682455973
fashion_mnist4.none
使用max_hausdorff计算距离矩阵...
▇▇▇▇▇▇▇▇▇▇▇▇▇▇▇▇▇▇▇▇▇▇▇▇▇▇▇▇▇▇▇▇▇▇▇▇▇▇▇▇▇▇▇▇▇▇▇▇▇100.0%
(0.74, 25.558986385295924)
(0.74, 25.55899837925738)
(0.63, 21.75970498990715)
(0.75, 25.904386143206487)
(0.72, 24.868198863436255)
0.716 0.04929503017546495
24.730054952220637 1.7026002841911836
fashion_mnist5.none
使用max_hausdorff计算距离矩阵...
▇▇▇▇▇▇▇▇▇▇▇▇▇▇▇▇▇▇▇▇▇▇▇▇▇▇▇▇▇▇▇▇▇▇▇▇▇▇▇▇▇▇▇▇▇▇▇▇▇100.0%
(0.755, 26.07709201914249)
(0.76, 26.249773907155586)
(0.77, 26.5951776630533)
(0.77, 26.595169667079)
(0.755, 26.077080025181036)
0.762 0.007582875444051557
26.318858656322284 0.26190679832881336
fashion_mnist6.none
使用max_hausdorff计算距离矩阵...
▇▇▇▇▇▇▇▇▇▇▇▇▇▇▇▇▇▇▇▇▇▇▇▇▇▇▇▇▇▇▇▇▇▇▇▇▇▇▇▇▇▇▇▇▇▇▇▇▇100.0%
(0.48, 16.57881656690183)
(0.47, 16.23341680899127)
(0.51, 17.614963866800544)
(0.52, 17.960383614646858)
(0.5, 17.269580100838585)
0.496 0.02073644135332774
17.131432191635817 0.7162164204315452
fashion_mnist7.none
使用max_hausdorff计算距离矩阵...
▇▇▇▇▇▇▇▇▇▇▇▇▇▇▇▇▇▇▇▇▇▇▇▇▇▇▇▇▇▇▇▇▇▇▇▇▇▇▇▇▇▇▇▇▇▇▇▇▇100.0%
(0.735, 25.386292503321375)
(0.725, 25.040904739372262)
(0.725, 25.040904739372266)
(0.73, 25.21360261933397)
(0.74, 25.558986385295924)
0.7310000000000001 0.006519202405202654
25.24813819733916 0.2251651208376967
fashion_mnist8.none
使用max_hausdorff计算距离矩阵...
▇▇▇▇▇▇▇▇▇▇▇▇▇▇▇▇▇▇▇▇▇▇▇▇▇▇▇▇▇▇▇▇▇▇▇▇▇▇▇▇▇▇▇▇▇▇▇▇▇100.0%
(0.77, 26.595161671104698)
(0.75, 25.904374149245033)
(0.765, 26.42246379114299)
(0.765, 26.422467789130142)
(0.76, 26.249769909168446)
0.7620000000000001 0.007582875444051557
26.318847461958264 0.26190785273835054
fashion_mnist9.none
使用max_hausdorff计算距离矩阵...
▇▇▇▇▇▇▇▇▇▇▇▇▇▇▇▇▇▇▇▇▇▇▇▇▇▇▇▇▇▇▇▇▇▇▇▇▇▇▇▇▇▇▇▇▇▇▇▇▇100.0%
(0.88, 30.39447505039068)
(0.885, 30.567168932365238)
(0.875, 30.221781168416136)
(0.86, 29.70369152651817)
(0.86, 29.703687528531017)
0.8720000000000001 0.011510864433221349
30.118160841244247 0.39757638262116624
alt_atheism.mat
使用max_hausdorff计算距离矩阵...
▇▇▇▇▇▇▇▇▇▇▇▇▇▇▇▇▇▇▇▇▇▇▇▇▇▇▇▇▇▇▇▇▇▇▇▇▇▇▇▇▇▇▇▇▇▇▇▇▇100.0%
(0.86, 29.70369152651817)
(0.84, 29.012908002645656)
(0.85, 29.35829576659476)
(0.84, 29.01290000667135)
(0.85, 29.358303762569058)
0.8479999999999999 0.008366600265340763
29.2892198129998 0.2889773921393207
comp_graphics.mat
使用max_hausdorff计算距离矩阵...
▇▇▇▇▇▇▇▇▇▇▇▇▇▇▇▇▇▇▇▇▇▇▇▇▇▇▇▇▇▇▇▇▇▇▇▇▇▇▇▇▇▇▇▇▇▇▇▇▇100.0%
(0.84, 29.012908002645656)
(0.84, 29.01290000667135)
(0.84, 29.012915998619956)
(0.87, 30.049087286441576)
(0.87, 30.049079290467276)
0.852 0.016431676725154998
29.427378116969162 0.5675365776020315
comp_os_ms-windows_misc.mat
使用max_hausdorff计算距离矩阵...
▇▇▇▇▇▇▇▇▇▇▇▇▇▇▇▇▇▇▇▇▇▇▇▇▇▇▇▇▇▇▇▇▇▇▇▇▇▇▇▇▇▇▇▇▇▇▇▇▇100.0%
(0.73, 25.21359462335967)
(0.69, 23.83201957964033)
(0.7, 24.177431331512345)
(0.33999999999999997, 11.743311909858463)
(0.7, 24.17742333553804)
0.632 0.1639207125411551
21.82875615598177 5.661689103901536
comp_sys_ibm_pc_hardware.mat
使用max_hausdorff计算距离矩阵...
▇▇▇▇▇▇▇▇▇▇▇▇▇▇▇▇▇▇▇▇▇▇▇▇▇▇▇▇▇▇▇▇▇▇▇▇▇▇▇▇▇▇▇▇▇▇▇▇▇100.0%
(0.76, 26.24976591118129)
(0.77, 26.595169667079)
(0.76, 26.249757915206985)
(0.78, 26.940557431028104)
(0.77, 26.595153675130394)
0.768 0.008366600265340762
26.526080919925157 0.2889807371368395
comp_sys_mac_hardware.mat
使用max_hausdorff计算距离矩阵...
▇▇▇▇▇▇▇▇▇▇▇▇▇▇▇▇▇▇▇▇▇▇▇▇▇▇▇▇▇▇▇▇▇▇▇▇▇▇▇▇▇▇▇▇▇▇▇▇▇100.0%
(0.79, 27.285945194977213)
(0.79, 27.285945194977213)
(0.76, 26.24976591118129)
(0.77, 26.59515367513039)
(0.77, 26.595153675130394)
0.776 0.01341640786499875
26.8023927302793 0.4633946550660848
comp_windows_x.mat
使用max_hausdorff计算距离矩阵...
▇▇▇▇▇▇▇▇▇▇▇▇▇▇▇▇▇▇▇▇▇▇▇▇▇▇▇▇▇▇▇▇▇▇▇▇▇▇▇▇▇▇▇▇▇▇▇▇▇100.0%
(0.8200000000000001, 28.322116482798833)
(0.8200000000000001, 28.322124478773134)
(0.81, 27.976720722875424)
(0.8200000000000001, 28.32212447877313)
(0.83, 28.667520238696547)
0.8200000000000001 0.007071067811865442
28.322121280383413 0.24423451106165556
misc_forsale.mat
使用max_hausdorff计算距离矩阵...
▇▇▇▇▇▇▇▇▇▇▇▇▇▇▇▇▇▇▇▇▇▇▇▇▇▇▇▇▇▇▇▇▇▇▇▇▇▇▇▇▇▇▇▇▇▇▇▇▇100.0%
(0.6799999999999999, 23.486639811665526)
(0.6799999999999999, 23.486639811665526)
(0.69, 23.83203557158894)
(0.69, 23.832035571588936)
(0.6799999999999999, 23.486639811665526)
0.6839999999999999 0.005477225575051666
23.62479811563489 0.18918104897669114
rec_autos.mat
使用max_hausdorff计算距离矩阵...
▇▇▇▇▇▇▇▇▇▇▇▇▇▇▇▇▇▇▇▇▇▇▇▇▇▇▇▇▇▇▇▇▇▇▇▇▇▇▇▇▇▇▇▇▇▇▇▇▇100.0%
(0.8, 27.631340954900626)
(0.8, 27.63134095490062)
(0.81, 27.97674471079833)
(0.63, 21.759684999971387)
(0.73, 25.213586627385368)
0.754 0.07635443667528433
26.042539649591266 2.637220859972641
rec_motorcycles.mat
使用max_hausdorff计算距离矩阵...
▇▇▇▇▇▇▇▇▇▇▇▇▇▇▇▇▇▇▇▇▇▇▇▇▇▇▇▇▇▇▇▇▇▇▇▇▇▇▇▇▇▇▇▇▇▇▇▇▇100.0%
(0.72, 24.868222851359164)
(0.84, 29.01290800264565)
(0.8200000000000001, 28.322132474747438)
(0.81, 27.976736714824032)
(0.78, 26.940565427002408)
0.7939999999999999 0.04669047011971502
27.424113094115732 1.6126448938711255
rec_sport_baseball.mat
使用max_hausdorff计算距离矩阵...
▇▇▇▇▇▇▇▇▇▇▇▇▇▇▇▇▇▇▇▇▇▇▇▇▇▇▇▇▇▇▇▇▇▇▇▇▇▇▇▇▇▇▇▇▇▇▇▇▇100.0%
(0.86, 29.70369152651817)
(0.87, 30.049079290467276)
(0.84, 29.01290000667135)
(0.87, 30.04907929046728)
(0.86, 29.703683530543866)
0.86 0.012247448713915901
29.703686728933587 0.4230184212338328
rec_sport_hockey.mat
使用max_hausdorff计算距离矩阵...
▇▇▇▇▇▇▇▇▇▇▇▇▇▇▇▇▇▇▇▇▇▇▇▇▇▇▇▇▇▇▇▇▇▇▇▇▇▇▇▇▇▇▇▇▇▇▇▇▇100.0%
(0.9, 31.085250578288896)
(0.92, 31.77604209813571)
(0.91, 31.430646338212306)
(0.9, 31.085258574263197)
(0.9, 31.085258574263197)
0.906 0.008944271909999166
31.29249123263266 0.3089286774196652
sci_crypt.mat
使用max_hausdorff计算距离矩阵...
▇▇▇▇▇▇▇▇▇▇▇▇▇▇▇▇▇▇▇▇▇▇▇▇▇▇▇▇▇▇▇▇▇▇▇▇▇▇▇▇▇▇▇▇▇▇▇▇▇100.0%
(0.79, 27.285953190951517)
(0.79, 27.285945194977216)
(0.8200000000000001, 28.32212447877314)
(0.79, 27.285945194977213)
(0.8, 27.63134095490062)
0.798 0.013038404810405309
27.56226180291594 0.4503363743056462
sci_electronics.mat
使用max_hausdorff计算距离矩阵...
▇▇▇▇▇▇▇▇▇▇▇▇▇▇▇▇▇▇▇▇▇▇▇▇▇▇▇▇▇▇▇▇▇▇▇▇▇▇▇▇▇▇▇▇▇▇▇▇▇100.0%
(0.85, 29.35828777062046)
(0.89, 30.73986281433979)
(0.87, 30.049071294492975)
(0.88, 30.39446705441638)
(0.85, 29.358279774646153)
0.868 0.017888543819998333
29.97999374170315 0.6178607072217406
sci_med.mat
使用max_hausdorff计算距离矩阵...
▇▇▇▇▇▇▇▇▇▇▇▇▇▇▇▇▇▇▇▇▇▇▇▇▇▇▇▇▇▇▇▇▇▇▇▇▇▇▇▇▇▇▇▇▇▇▇▇▇100.0%
(0.8, 27.631324962952018)
(0.84, 29.012908002645656)
(0.81, 27.976712726901127)
(0.8200000000000001, 28.322108486824533)
(0.84, 29.012908002645656)
0.8220000000000001 0.017888543819998277
28.391192436393794 0.6178642831366262
sci_religion_christian.mat
使用max_hausdorff计算距离矩阵...
▇▇▇▇▇▇▇▇▇▇▇▇▇▇▇▇▇▇▇▇▇▇▇▇▇▇▇▇▇▇▇▇▇▇▇▇▇▇▇▇▇▇▇▇▇▇▇▇▇100.0%
(0.8, 27.631316966977714)
(0.83, 28.667512242722246)
(0.8200000000000001, 28.322124478773134)
(0.8200000000000001, 28.322116482798837)
(0.84, 29.012908002645656)
0.8220000000000001 0.014832396974191291
28.391195634783514 0.5123073979051463
sci_space.mat
使用max_hausdorff计算距离矩阵...
▇▇▇▇▇▇▇▇▇▇▇▇▇▇▇▇▇▇▇▇▇▇▇▇▇▇▇▇▇▇▇▇▇▇▇▇▇▇▇▇▇▇▇▇▇▇▇▇▇100.0%
(0.8, 27.631348950874926)
(0.8200000000000001, 28.322124478773134)
(0.81, 27.976736714824032)
(0.8, 27.631332958926322)
(0.77, 26.595169667079002)
0.8 0.018708286933869722
27.631342554095482 0.6461677502103833
talk_politics_guns.mat
使用max_hausdorff计算距离矩阵...
▇▇▇▇▇▇▇▇▇▇▇▇▇▇▇▇▇▇▇▇▇▇▇▇▇▇▇▇▇▇▇▇▇▇▇▇▇▇▇▇▇▇▇▇▇▇▇▇▇100.0%
(0.77, 26.595161671104698)
(0.77, 26.595169667079)
(0.8, 27.631348950874926)
(0.8, 27.63134095490062)
(0.75, 25.90438614320648)
0.7779999999999999 0.021679483388678818
26.871481477433143 0.7487922342154564
talk_politics_mideast.mat
使用max_hausdorff计算距离矩阵...
▇▇▇▇▇▇▇▇▇▇▇▇▇▇▇▇▇▇▇▇▇▇▇▇▇▇▇▇▇▇▇▇▇▇▇▇▇▇▇▇▇▇▇▇▇▇▇▇▇100.0%
(0.8200000000000001, 28.322124478773134)
(0.81, 27.976728718849728)
(0.8200000000000001, 28.32212447877314)
(0.8200000000000001, 28.32212447877314)
(0.83, 28.667512242722246)
0.8200000000000001 0.007071067811865442
28.322122879578274 0.24422885704091551
talk_politics_misc.mat
使用max_hausdorff计算距离矩阵...
▇▇▇▇▇▇▇▇▇▇▇▇▇▇▇▇▇▇▇▇▇▇▇▇▇▇▇▇▇▇▇▇▇▇▇▇▇▇▇▇▇▇▇▇▇▇▇▇▇100.0%
(0.71, 24.522811099487154)
(0.7, 24.17742333553804)
(0.7, 24.17741533956374)
(0.69, 23.832027575614635)
(0.69, 23.832043567563236)
0.698 0.008366600265340763
24.10834418355336 0.28897165797638713
talk_religion_misc.mat
使用max_hausdorff计算距离矩阵...
▇▇▇▇▇▇▇▇▇▇▇▇▇▇▇▇▇▇▇▇▇▇▇▇▇▇▇▇▇▇▇▇▇▇▇▇▇▇▇▇▇▇▇▇▇▇▇▇▇100.0%
(0.75, 25.904386143206484)
(0.74, 25.558990383283074)
(0.74, 25.558990383283074)
(0.75, 25.90438614320648)
(0.73, 25.21359462335967)
0.742 0.008366600265340763
25.628069535267752 0.2889788256622748