musk1+.mat
(0.7, 24.177427777745987)
(0.7222222222222222, 24.944956142077338)
(0.7, 24.17742777774599)
(0.6777777777777778, 23.409917182246424)
(0.7333333333333334, 25.328729208658906)
0.7066666666666667 0.021659542988464377
24.40769161769493 0.7480909218034977
musk2+.mat
(0.5800000000000001, 20.032730188277252)
(0.5700000000000001, 19.687326432379542)
(0.5900000000000001, 20.37812594820066)
(0.5700000000000001, 19.687326432379542)
(0.56, 19.341938668430434)
0.5740000000000001 0.01140175425099139
19.825489533933485 0.3938131600066432
elephant+.mat
使用mahalanobis计算距离矩阵...
▇▇▇▇▇▇▇▇▇▇▇▇▇▇▇▇▇▇▇▇▇▇▇▇▇▇▇▇▇▇▇▇▇▇▇▇▇▇▇▇▇▇▇▇▇▇▇▇▇100.0%
(0.77, 26.595169667079)
(0.76, 26.249773907155596)
(0.765, 26.422475785104442)
(0.785, 27.11325531098981)
(0.77, 26.595169667079)
0.77 0.009354143466934861
26.59516886748157 0.3230844093529547
tiger+.mat
使用mahalanobis计算距离矩阵...
▇▇▇▇▇▇▇▇▇▇▇▇▇▇▇▇▇▇▇▇▇▇▇▇▇▇▇▇▇▇▇▇▇▇▇▇▇▇▇▇▇▇▇▇▇▇▇▇▇100.0%
(0.745, 25.731680267270477)
(0.75, 25.904382145219333)
(0.76, 26.249777905142743)
(0.74, 25.558986385295924)
(0.76, 26.249777905142746)
0.751 0.008944271909999166
25.938920921614244 0.30893202981885204
