musk1+.mat
(0.1444444444444445, 4.988996559065003)
(0.15555555555555556, 5.372760741230677)
(0.16666666666666663, 5.756533807812242)
(0.15555555555555556, 5.372760741230677)
(0.15555555555555556, 5.372760741230677)
0.15555555555555556 0.007856742013183834
5.372762518113856 0.27136539671212695
musk2+.mat
(0.17000000000000004, 5.871655954929232)
(0.17000000000000004, 5.871655954929232)
(0.16000000000000003, 5.526284182928729)
(0.18000000000000005, 6.217059710826943)
(0.18999999999999995, 6.562439478801748)
0.17400000000000002 0.011401754250991351
6.009819056483177 0.3938026406658911
mutagenesis1.mat
使用cauchy_schwarz_divergence计算距离矩阵...
▇▇▇▇▇▇▇▇▇▇▇▇▇▇▇▇▇▇▇▇▇▇▇▇▇▇▇▇▇▇▇▇▇▇▇▇▇▇▇▇▇▇▇▇▇▇▇▇▇100.0%
(0.09999999999999998, 3.4539042927387427)
(0.09444444444444444, 3.2620222016559057)
(0.09444444444444444, 3.2620222016559044)
(0.09444444444444444, 3.26201775944796)
(0.11111111111111116, 3.837672917112362)
0.09888888888888889 0.007243558228002964
3.415527874522175 0.25018619321065416
mutagenesis2.mat
使用cauchy_schwarz_divergence计算距离矩阵...
▇▇▇▇▇▇▇▇▇▇▇▇▇▇▇▇▇▇▇▇▇▇▇▇▇▇▇▇▇▇▇▇▇▇▇▇▇▇▇▇▇▇▇▇▇▇▇▇100.0%
(0.19999999999999996, 6.907775268917892)
(0.30000000000000004, 10.361732868151979)
(0.19999999999999996, 6.907775268917892)
(0.19999999999999996, 6.907775268917892)
(0.15000000000000002, 5.1808164592366035)
0.20999999999999996 0.05477225575051663
7.253175026828451 1.8918050153107313
elephant+.mat
(0.14500000000000002, 5.008186545056465)
(0.16500000000000004, 5.698970068928981)
(0.14500000000000002, 5.008182547069314)
(0.14, 4.8354926630819115)
(0.14, 4.8354926630819115)
0.14700000000000002 0.01036822067666387
5.077264897443717 0.35810931877358
tiger+.mat
使用cauchy_schwarz_divergence计算距离矩阵...
▇▇▇▇▇▇▇▇▇▇▇▇▇▇▇▇▇▇▇▇▇▇▇▇▇▇▇▇▇▇▇▇▇▇▇▇▇▇▇▇▇▇▇▇▇▇▇▇▇100.0%
(0.18999999999999995, 6.562403496917389)
(0.18500000000000005, 6.389709614942835)
(0.20999999999999996, 7.253191018777056)
(0.18500000000000005, 6.389709614942835)
(0.18500000000000005, 6.389709614942835)
0.191 0.010839741694339364
6.5969446721045895 0.37439667034269225
mnist0.none
(0.5, 17.26944816726261)
(0.525, 18.132933569083978)
(0.44999999999999996, 15.542513345504222)
(0.54, 18.651055194879145)
(0.525, 18.13294556304543)
0.5079999999999999 0.035461246452994324
17.545779167955075 1.2248043251194138
mnist1.none
(0.46499999999999997, 16.060718929029562)
(0.53, 18.305755386647363)
(0.495, 17.09690620879979)
(0.485, 16.751494456927777)
(0.44999999999999996, 15.542633285118752)
0.485 0.030618621784789753
16.75150165330465 1.0575387083194272
mnist2.none
(0.51, 17.615063816479317)
(0.495, 17.096978172568505)
(0.53, 18.305847340351832)
(0.5449999999999999, 18.823920990301193)
(0.525, 18.133137466428675)
0.521 0.019170289512680797
17.994989557225903 0.662120219889005
mnist3.none
使用cauchy_schwarz_divergence计算距离矩阵...
▇▇▇▇▇▇▇▇▇▇▇▇▇▇▇▇▇▇▇▇▇▇▇▇▇▇▇▇▇▇▇▇▇▇▇▇▇▇▇▇▇▇▇▇▇▇▇▇▇100.0%
(0.46499999999999997, 16.06070293708096)
(0.515, 17.78763775883934)
(0.55, 18.99650692662267)
(0.505, 17.442238000928782)
(0.495, 17.096854234966827)
0.506 0.030903074280724915
17.476787971687717 1.0673581243163128
mnist4.none
使用cauchy_schwarz_divergence计算距离矩阵...
▇▇▇▇▇▇▇▇▇▇▇▇▇▇▇▇▇▇▇▇▇▇▇▇▇▇▇▇▇▇▇▇▇▇▇▇▇▇▇▇▇▇▇▇▇▇▇▇▇100.0%
(0.51, 17.614799949327352)
(0.49, 16.924020423441988)
(0.47, 16.233236899569473)
(0.485, 16.751322543480285)
(0.475, 16.40593078154403)
0.48600000000000004 0.015572411502397451
16.785862119472625 0.5378571093336283
mnist5.none
使用cauchy_schwarz_divergence计算距离矩阵...
▇▇▇▇▇▇▇▇▇▇▇▇▇▇▇▇▇▇▇▇▇▇▇▇▇▇▇▇▇▇▇▇▇▇▇▇▇▇▇▇▇▇▇▇▇▇▇▇▇100.0%
(0.485, 16.75139050926185)
(0.51, 17.614887905044675)
(0.45999999999999996, 15.887913103414782)
(0.55, 18.996450954802555)
(0.5, 17.269488147134116)
0.501 0.033241540277189355
17.304026123931592 1.1481410993890642
mnist6.none
使用cauchy_schwarz_divergence计算距离矩阵...
▇▇▇▇▇▇▇▇▇▇▇▇▇▇▇▇▇▇▇▇▇▇▇▇▇▇▇▇▇▇▇▇▇▇▇▇▇▇▇▇▇▇▇▇▇▇▇▇▇100.0%
(0.52, 17.96022769314797)
(0.49, 16.924044411364893)
(0.495, 17.0967422913266)
(0.515, 17.787521817211964)
(0.51, 17.614843927186016)
0.506 0.012942179105544797
17.476676028047486 0.4470148302548267
mnist7.none
使用cauchy_schwarz_divergence计算距离矩阵...
▇▇▇▇▇▇▇▇▇▇▇▇▇▇▇▇▇▇▇▇▇▇▇▇▇▇▇▇▇▇▇▇▇▇▇▇▇▇▇▇▇▇▇▇▇▇▇▇▇100.0%
(0.53, 18.305643443007135)
(0.5549999999999999, 19.169132842815653)
(0.5800000000000001, 20.032610248662724)
(0.5349999999999999, 18.478329329007387)
(0.485, 16.751378515300402)
0.537 0.035106979363083934
18.54741887575866 1.212570758010632
mnist8.none
使用cauchy_schwarz_divergence计算距离矩阵...
▇▇▇▇▇▇▇▇▇▇▇▇▇▇▇▇▇▇▇▇▇▇▇▇▇▇▇▇▇▇▇▇▇▇▇▇▇▇▇▇▇▇▇▇▇▇▇▇▇100.0%
(0.51, 17.614799949327352)
(0.47, 16.233228903595172)
(0.495, 17.09671030742939)
(0.475, 16.40593078154403)
(0.5349999999999999, 18.47830134309733)
0.49700000000000005 0.02659887215654076
17.165794256998655 0.9187116243127433
mnist9.none
使用cauchy_schwarz_divergence计算距离矩阵...
▇▇▇▇▇▇▇▇▇▇▇▇▇▇▇▇▇▇▇▇▇▇▇▇▇▇▇▇▇▇▇▇▇▇▇▇▇▇▇▇▇▇▇▇▇▇▇▇▇100.0%
(0.45999999999999996, 15.88802504705501)
(0.5, 17.26958809681289)
(0.505, 17.44227798080029)
(0.515, 17.7876657447494)
(0.48, 16.578804572940374)
0.492 0.021965882636488816
16.993272288471594 0.7586785308904743
web1+.mat
(0.15454545454545454, 5.337847242733024)
(0.15454545454545454, 5.337854511800571)
(0.15454545454545454, 5.337854511800571)
(0.15454545454545454, 5.337854511800571)
(0.1636363636363637, 5.65184338811794)
0.15636363636363637 0.004065578140908735
5.400650833250536 0.14042090706661806
web2+.mat
(0.1454545454545455, 5.023872904550748)
(0.1636363636363637, 5.651850657185489)
(0.1636363636363637, 5.651850657185487)
(0.15454545454545454, 5.337861780868119)
(0.18181818181818177, 6.279828409820228)
0.16181818181818183 0.013483997249264813
5.589052881922013 0.4657207659019491
web3+.mat
(0.1454545454545455, 5.023858366415654)
(0.1636363636363637, 5.651843388117942)
(0.17272727272727273, 5.965846802570406)
(0.1636363636363637, 5.651850657185489)
(0.17272727272727273, 5.965846802570405)
0.16363636363636366 0.011134044285378062
5.651849203371979 0.384565168710645
web4+.mat
(0.1636363636363637, 5.651894271590771)
(0.1454545454545455, 5.023909249888486)
(0.18181818181818177, 6.279886562360607)
(0.13636363636363635, 4.709913104503568)
(0.1454545454545455, 5.023909249888485)
0.15454545454545457 0.01818181818181816
5.337902487646383 0.6279886562381644
web5+.mat
(0.17272727272727273, 5.965883147908142)
(0.19999999999999996, 6.907871584062893)
(0.17272727272727273, 5.9658831479081424)
(0.19090909090909092, 6.593868169610428)
(0.17272727272727273, 5.965883147908142)
0.18181818181818182 0.012856486930664483
6.279877839479549 0.44405632234452497
web6+.mat
使用cauchy_schwarz_divergence计算距离矩阵...
▇▇▇▇▇▇▇▇▇▇▇▇▇▇▇▇▇▇▇▇▇▇▇▇▇▇▇▇▇▇▇▇▇▇▇▇▇▇▇▇▇▇▇▇▇▇▇▇▇100.0%
(0.1636363636363637, 5.651901540658319)
(0.15454545454545454, 5.337912664340949)
(0.12727272727272732, 4.395931497253746)
(0.1454545454545455, 5.023916518956033)
(0.13636363636363635, 4.709920373571115)
0.14545454545454548 0.01437398936440173
5.023916518956032 0.4964669006081911
web7+.mat
使用cauchy_schwarz_divergence计算距离矩阵...
▇▇▇▇▇▇▇▇▇▇▇▇▇▇▇▇▇▇▇▇▇▇▇▇▇▇▇▇▇▇▇▇▇▇▇▇▇▇▇▇▇▇▇▇▇▇▇▇▇100.0%
(0.4, 13.815692284652954)
(0.3090909090909091, 10.675752638006424)
(0.38181818181818183, 13.187692724815571)
(0.32727272727272727, 11.303723121573617)
(0.28181818181818186, 9.733778739986768)
0.33999999999999997 0.04962670568711339
11.743327901807067 1.7140697927511863
web8+.mat
使用cauchy_schwarz_divergence计算距离矩阵...
▇▇▇▇▇▇▇▇▇▇▇▇▇▇▇▇▇▇▇▇▇▇▇▇▇▇▇▇▇▇▇▇▇▇▇▇▇▇▇▇▇▇▇▇▇▇▇▇▇100.0%
(0.2909090909090909, 10.047753078169043)
(0.30000000000000004, 10.361727416351318)
(0.2909090909090909, 10.047753078169043)
(0.2727272727272727, 9.419775325534303)
(0.28181818181818186, 9.733771470919221)
0.2872727272727273 0.010365231137264903
9.922156073828585 0.3579969814942136
web9+.mat
使用cauchy_schwarz_divergence计算距离矩阵...
▇▇▇▇▇▇▇▇▇▇▇▇▇▇▇▇▇▇▇▇▇▇▇▇▇▇▇▇▇▇▇▇▇▇▇▇▇▇▇▇▇▇▇▇▇▇▇▇▇100.0%
(0.3090909090909091, 10.67573809987133)
(0.21818181818181814, 7.535834798562537)
(0.23636363636363633, 8.163798013062182)
(0.2727272727272727, 9.419768056466756)
(0.28181818181818186, 9.733756932784127)
0.26363636363636356 0.03636363636363638
9.105779180149387 1.2559627743580621
alt_atheism.mat
使用cauchy_schwarz_divergence计算距离矩阵...
▇▇▇▇▇▇▇▇▇▇▇▇▇▇▇▇▇▇▇▇▇▇▇▇▇▇▇▇▇▇▇▇▇▇▇▇▇▇▇▇▇▇▇▇▇▇▇▇▇100.0%
(0.29000000000000004, 10.016333110241419)
(0.27, 9.325549586368904)
(0.26, 8.980161822419795)
(0.26, 8.980153826445495)
(0.28, 9.670945346292312)
0.272 0.013038404810405309
9.394628738353585 0.45033637430564594
fashion_mnist0.none
使用cauchy_schwarz_divergence计算距离矩阵...
▇▇▇▇▇▇▇▇▇▇▇▇▇▇▇▇▇▇▇▇▇▇▇▇▇▇▇▇▇▇▇▇▇▇▇▇▇▇▇▇▇▇▇▇▇▇▇▇▇100.0%
(0.19999999999999996, 6.907843234699458)
(0.21999999999999997, 7.5986227605848224)
(0.20999999999999996, 7.253238994622867)
(0.22499999999999998, 7.771316642559376)
(0.21499999999999997, 7.42592887861027)
0.21399999999999997 0.009617692030835682
7.391390102215359 0.3321843537258261
fashion_mnist1.none
使用cauchy_schwarz_divergence计算距离矩阵...
▇▇▇▇▇▇▇▇▇▇▇▇▇▇▇▇▇▇▇▇▇▇▇▇▇▇▇▇▇▇▇▇▇▇▇▇▇▇▇▇▇▇▇▇▇▇▇▇▇100.0%
(0.42000000000000004, 14.506485985220039)
(0.405, 13.988404339296375)
(0.405, 13.988408337283527)
(0.395, 13.643008579372967)
(0.39, 13.470314697398413)
0.403 0.011510864433221349
13.919324387714264 0.3975749933412088
fashion_mnist2.none
使用cauchy_schwarz_divergence计算距离矩阵...
▇▇▇▇▇▇▇▇▇▇▇▇▇▇▇▇▇▇▇▇▇▇▇▇▇▇▇▇▇▇▇▇▇▇▇▇▇▇▇▇▇▇▇▇▇▇▇▇▇100.0%
(0.375, 12.952149093744584)
(0.355, 12.261377563833518)
(0.35, 12.088675685884663)
(0.355, 12.261361571884915)
(0.365, 12.606761329795475)
0.36 0.010000000000000009
12.434065049028632 0.34538976299011825
fashion_mnist3.none
使用cauchy_schwarz_divergence计算距离矩阵...
▇▇▇▇▇▇▇▇▇▇▇▇▇▇▇▇▇▇▇▇▇▇▇▇▇▇▇▇▇▇▇▇▇▇▇▇▇▇▇▇▇▇▇▇▇▇▇▇▇100.0%
(0.10999999999999999, 3.7993333692217424)
(0.10499999999999998, 3.6266354892600376)
(0.10999999999999999, 3.799333369221742)
(0.09499999999999997, 3.2812437273237807)
(0.09999999999999998, 3.453937609298334)
0.10399999999999998 0.006519202405202654
3.592096712865127 0.22516910704454196
fashion_mnist4.none
使用cauchy_schwarz_divergence计算距离矩阵...
▇▇▇▇▇▇▇▇▇▇▇▇▇▇▇▇▇▇▇▇▇▇▇▇▇▇▇▇▇▇▇▇▇▇▇▇▇▇▇▇▇▇▇▇▇▇▇▇▇100.0%
(0.16500000000000004, 5.6989900588647355)
(0.15500000000000003, 5.353598296928478)
(0.17000000000000004, 5.871683940839289)
(0.18999999999999995, 6.562475460686107)
(0.17500000000000004, 6.044377822813842)
0.171 0.012942179105544757
5.906225116026491 0.4470141351638317
fashion_mnist5.none
使用cauchy_schwarz_divergence计算距离矩阵...
▇▇▇▇▇▇▇▇▇▇▇▇▇▇▇▇▇▇▇▇▇▇▇▇▇▇▇▇▇▇▇▇▇▇▇▇▇▇▇▇▇▇▇▇▇▇▇▇▇100.0%
(0.08499999999999996, 2.9358559633746735)
(0.08499999999999996, 2.935859961361824)
(0.06999999999999995, 2.41776232348956)
(0.07499999999999996, 2.5904602034512645)
(0.07999999999999996, 2.763154085425818)
0.07899999999999996 0.006519202405202654
2.728618507420628 0.22517125347943248
fashion_mnist6.none
使用cauchy_schwarz_divergence计算距离矩阵...
▇▇▇▇▇▇▇▇▇▇▇▇▇▇▇▇▇▇▇▇▇▇▇▇▇▇▇▇▇▇▇▇▇▇▇▇▇▇▇▇▇▇▇▇▇▇▇▇▇100.0%
(0.20999999999999996, 7.2532469905971695)
(0.21499999999999997, 7.425944870558874)
(0.20499999999999996, 7.080549110635463)
(0.18999999999999995, 6.562467464711805)
(0.20999999999999996, 7.253246990597169)
0.20599999999999996 0.00961769203083568
7.1150910854200955 0.3321860164849139
fashion_mnist7.none
使用cauchy_schwarz_divergence计算距离矩阵...
▇▇▇▇▇▇▇▇▇▇▇▇▇▇▇▇▇▇▇▇▇▇▇▇▇▇▇▇▇▇▇▇▇▇▇▇▇▇▇▇▇▇▇▇▇▇▇▇▇100.0%
(0.05500000000000005, 1.8996686836044472)
(0.06000000000000005, 2.0723625655790006)
(0.06999999999999995, 2.417758325502409)
(0.06499999999999995, 2.2450564475535537)
(0.06499999999999995, 2.245060445540705)
0.06299999999999999 0.005700877125495642
2.175981293556023 0.19690412547819877
fashion_mnist8.none
使用cauchy_schwarz_divergence计算距离矩阵...
▇▇▇▇▇▇▇▇▇▇▇▇▇▇▇▇▇▇▇▇▇▇▇▇▇▇▇▇▇▇▇▇▇▇▇▇▇▇▇▇▇▇▇▇▇▇▇▇▇100.0%
(0.07999999999999996, 2.76312210152861)
(0.09499999999999997, 3.2812117434265717)
(0.08499999999999996, 2.9358159835031636)
(0.09999999999999998, 3.453905625401126)
(0.08999999999999997, 3.108509865477717)
0.08999999999999997 0.007905694150420955
3.108513063867437 0.2730567953403589
fashion_mnist9.none
使用cauchy_schwarz_divergence计算距离矩阵...
▇▇▇▇▇▇▇▇▇▇▇▇▇▇▇▇▇▇▇▇▇▇▇▇▇▇▇▇▇▇▇▇▇▇▇▇▇▇▇▇▇▇▇▇▇▇▇▇▇100.0%
(0.030000000000000027, 1.0361752858087743)
(0.030000000000000027, 1.0361752858087743)
(0.025000000000000022, 0.8634814038342209)
(0.025000000000000022, 0.8634814038342209)
(0.025000000000000022, 0.8634814038342208)
0.027000000000000024 0.0027386127875258333
0.9325589566240422 0.0945883347005977
alt_atheism.mat
使用cauchy_schwarz_divergence计算距离矩阵...
▇▇▇▇▇▇▇▇▇▇▇▇▇▇▇▇▇▇▇▇▇▇▇▇▇▇▇▇▇▇▇▇▇▇▇▇▇▇▇▇▇▇▇▇▇▇▇▇▇100.0%
(0.31999999999999995, 11.052512394037343)
(0.29000000000000004, 10.016333110241419)
(0.30000000000000004, 10.36173686613913)
(0.27, 9.325549586368902)
(0.28, 9.670961338240916)
0.29200000000000004 0.019235384061671322
10.085418659005542 0.6643739036236258
comp_graphics.mat
使用cauchy_schwarz_divergence计算距离矩阵...
▇▇▇▇▇▇▇▇▇▇▇▇▇▇▇▇▇▇▇▇▇▇▇▇▇▇▇▇▇▇▇▇▇▇▇▇▇▇▇▇▇▇▇▇▇▇▇▇▇100.0%
(0.37, 12.779403237937066)
(0.37, 12.779387245988465)
(0.36, 12.434007478013656)
(0.35, 12.088619714064551)
(0.39, 13.47017876583528)
0.36800000000000005 0.014832396974191338
12.710319288367803 0.5122958075138709
comp_os_ms-windows_misc.mat
使用cauchy_schwarz_divergence计算距离矩阵...
▇▇▇▇▇▇▇▇▇▇▇▇▇▇▇▇▇▇▇▇▇▇▇▇▇▇▇▇▇▇▇▇▇▇▇▇▇▇▇▇▇▇▇▇▇▇▇▇▇100.0%
(0.45999999999999996, 15.88799706114495)
(0.53, 18.305727400737304)
(0.44999999999999996, 15.542601301221543)
(0.51, 17.614943876864785)
(0.48, 16.57878858099177)
0.48599999999999993 0.03361547262794325
16.786011644192072 1.1610453799646587
comp_sys_ibm_pc_hardware.mat
使用cauchy_schwarz_divergence计算距离矩阵...
▇▇▇▇▇▇▇▇▇▇▇▇▇▇▇▇▇▇▇▇▇▇▇▇▇▇▇▇▇▇▇▇▇▇▇▇▇▇▇▇▇▇▇▇▇▇▇▇▇100.0%
(0.37, 12.779475201705782)
(0.43999999999999995, 15.197189549349533)
(0.41000000000000003, 14.161034253476513)
(0.41000000000000003, 14.161018261527909)
(0.4, 13.815638493553102)
0.40599999999999997 0.025099800796022254
14.022871151922567 0.8669164072690528
comp_sys_mac_hardware.mat
使用cauchy_schwarz_divergence计算距离矩阵...
▇▇▇▇▇▇▇▇▇▇▇▇▇▇▇▇▇▇▇▇▇▇▇▇▇▇▇▇▇▇▇▇▇▇▇▇▇▇▇▇▇▇▇▇▇▇▇▇▇100.0%
(0.42000000000000004, 14.506390033528412)
(0.42000000000000004, 14.506398029502712)
(0.39, 13.47022674168109)
(0.36, 12.434039461910865)
(0.41000000000000003, 14.160994273605002)
0.4 0.025495097567963948
13.815609708045617 0.8805796669980902
comp_windows_x.mat
使用cauchy_schwarz_divergence计算距离矩阵...
▇▇▇▇▇▇▇▇▇▇▇▇▇▇▇▇▇▇▇▇▇▇▇▇▇▇▇▇▇▇▇▇▇▇▇▇▇▇▇▇▇▇▇▇▇▇▇▇▇100.0%
(0.28, 9.670905366420804)
(0.27, 9.325517602471697)
(0.27, 9.325525598445997)
(0.27, 9.325517602471695)
(0.29000000000000004, 10.01630112634421)
0.276 0.008944271909999166
9.532753459230882 0.30892599549481986
misc_forsale.mat
使用cauchy_schwarz_divergence计算距离矩阵...
▇▇▇▇▇▇▇▇▇▇▇▇▇▇▇▇▇▇▇▇▇▇▇▇▇▇▇▇▇▇▇▇▇▇▇▇▇▇▇▇▇▇▇▇▇▇▇▇▇100.0%
(0.42000000000000004, 14.506430013399923)
(0.43999999999999995, 15.19723752519534)
(0.41000000000000003, 14.161050245425118)
(0.44999999999999996, 15.542601301221543)
(0.39, 13.470250729603995)
0.422 0.02387467277262661
14.575513962969183 0.8246147112307394
rec_autos.mat
使用cauchy_schwarz_divergence计算距离矩阵...
▇▇▇▇▇▇▇▇▇▇▇▇▇▇▇▇▇▇▇▇▇▇▇▇▇▇▇▇▇▇▇▇▇▇▇▇▇▇▇▇▇▇▇▇▇▇▇▇▇100.0%
(0.38, 13.124798997860475)
(0.45999999999999996, 15.88794108932484)
(0.41000000000000003, 14.160962289707795)
(0.43000000000000005, 14.851753809554612)
(0.4, 13.815566529784387)
0.41600000000000004 0.0304959013639538
14.368204543246424 1.0533084232912393
rec_motorcycles.mat
使用cauchy_schwarz_divergence计算距离矩阵...
▇▇▇▇▇▇▇▇▇▇▇▇▇▇▇▇▇▇▇▇▇▇▇▇▇▇▇▇▇▇▇▇▇▇▇▇▇▇▇▇▇▇▇▇▇▇▇▇▇100.0%
(0.24, 8.28936230659868)
(0.24, 8.289362306598678)
(0.26, 8.98012983852259)
(0.29000000000000004, 10.016301126344212)
(0.25, 8.63473407859918)
0.256 0.02073644135332774
8.841977931332668 0.7162120823643
rec_sport_baseball.mat
使用cauchy_schwarz_divergence计算距离矩阵...
▇▇▇▇▇▇▇▇▇▇▇▇▇▇▇▇▇▇▇▇▇▇▇▇▇▇▇▇▇▇▇▇▇▇▇▇▇▇▇▇▇▇▇▇▇▇▇▇▇100.0%
(0.32999999999999996, 11.397836190192033)
(0.31999999999999995, 11.052464418191532)
(0.30000000000000004, 10.361664902370412)
(0.32999999999999996, 11.397836190192033)
(0.30000000000000004, 10.361672898344715)
0.31599999999999995 0.015165750888103055
10.914294919858145 0.5238096422823851
rec_sport_hockey.mat
使用cauchy_schwarz_divergence计算距离矩阵...
▇▇▇▇▇▇▇▇▇▇▇▇▇▇▇▇▇▇▇▇▇▇▇▇▇▇▇▇▇▇▇▇▇▇▇▇▇▇▇▇▇▇▇▇▇▇▇▇▇100.0%
(0.31999999999999995, 11.052496402088739)
(0.36, 12.43406344983377)
(0.31999999999999995, 11.052496402088739)
(0.29000000000000004, 10.016317118292815)
(0.32999999999999996, 11.397876170063544)
0.324 0.025099800796022254
11.190649908473521 0.8669270792686424
sci_crypt.mat
使用cauchy_schwarz_divergence计算距离矩阵...
▇▇▇▇▇▇▇▇▇▇▇▇▇▇▇▇▇▇▇▇▇▇▇▇▇▇▇▇▇▇▇▇▇▇▇▇▇▇▇▇▇▇▇▇▇▇▇▇▇100.0%
(0.26, 8.980177814368401)
(0.25, 8.634798046393596)
(0.27, 9.325581570266111)
(0.28, 9.670969334215217)
(0.33999999999999997, 11.74330391388416)
0.27999999999999997 0.03535533905932736
9.670966135825498 1.2211375003582172
sci_electronics.mat
使用cauchy_schwarz_divergence计算距离矩阵...
▇▇▇▇▇▇▇▇▇▇▇▇▇▇▇▇▇▇▇▇▇▇▇▇▇▇▇▇▇▇▇▇▇▇▇▇▇▇▇▇▇▇▇▇▇▇▇▇▇100.0%
(0.39, 13.470138785963771)
(0.36, 12.433967498142147)
(0.38, 13.124751022014662)
(0.36, 12.433975494116448)
(0.35, 12.088579734193042)
0.368 0.016431676725154998
12.710282506886013 0.5675331712384164
sci_med.mat
使用cauchy_schwarz_divergence计算距离矩阵...
▇▇▇▇▇▇▇▇▇▇▇▇▇▇▇▇▇▇▇▇▇▇▇▇▇▇▇▇▇▇▇▇▇▇▇▇▇▇▇▇▇▇▇▇▇▇▇▇▇100.0%
(0.28, 9.6708973704465)
(0.31000000000000005, 10.707084650216727)
(0.28, 9.6708893744722)
(0.32999999999999996, 11.397852182140639)
(0.29000000000000004, 10.016285134395607)
0.29800000000000004 0.021679483388678776
10.292601742334334 0.7487937095453304
sci_religion_christian.mat
使用cauchy_schwarz_divergence计算距离矩阵...
▇▇▇▇▇▇▇▇▇▇▇▇▇▇▇▇▇▇▇▇▇▇▇▇▇▇▇▇▇▇▇▇▇▇▇▇▇▇▇▇▇▇▇▇▇▇▇▇▇100.0%
(0.28, 9.670913362395105)
(0.31000000000000005, 10.707084650216725)
(0.27, 9.325525598445997)
(0.29000000000000004, 10.016317118292815)
(0.28, 9.670913362395105)
0.28600000000000003 0.015165750888103114
9.878150818349148 0.523810696728408
sci_space.mat
使用cauchy_schwarz_divergence计算距离矩阵...
▇▇▇▇▇▇▇▇▇▇▇▇▇▇▇▇▇▇▇▇▇▇▇▇▇▇▇▇▇▇▇▇▇▇▇▇▇▇▇▇▇▇▇▇▇▇▇▇▇100.0%
(0.30000000000000004, 10.361688890293317)
(0.30000000000000004, 10.361696886267621)
(0.31000000000000005, 10.707076654242426)
(0.25, 8.634750070547785)
(0.31999999999999995, 11.052464418191532)
0.296 0.027018512172212593
10.223535383908537 0.9331866463903137
talk_politics_guns.mat
使用cauchy_schwarz_divergence计算距离矩阵...
▇▇▇▇▇▇▇▇▇▇▇▇▇▇▇▇▇▇▇▇▇▇▇▇▇▇▇▇▇▇▇▇▇▇▇▇▇▇▇▇▇▇▇▇▇▇▇▇▇100.0%
(0.31999999999999995, 11.052472414165834)
(0.29000000000000004, 10.01629313036991)
(0.31000000000000005, 10.707076654242426)
(0.31000000000000005, 10.707092646191029)
(0.32999999999999996, 11.397892162012146)
0.312 0.014832396974191291
10.77616540139627 0.5123084761501708
talk_politics_mideast.mat
使用cauchy_schwarz_divergence计算距离矩阵...
▇▇▇▇▇▇▇▇▇▇▇▇▇▇▇▇▇▇▇▇▇▇▇▇▇▇▇▇▇▇▇▇▇▇▇▇▇▇▇▇▇▇▇▇▇▇▇▇▇100.0%
(0.27, 9.325581570266113)
(0.27, 9.325589566240415)
(0.29000000000000004, 10.016365094138628)
(0.27, 9.325565578317507)
(0.30000000000000004, 10.361760854062036)
0.28 0.014142135623730963
9.670972532604939 0.4884605411429193
talk_politics_misc.mat
使用cauchy_schwarz_divergence计算距离矩阵...
▇▇▇▇▇▇▇▇▇▇▇▇▇▇▇▇▇▇▇▇▇▇▇▇▇▇▇▇▇▇▇▇▇▇▇▇▇▇▇▇▇▇▇▇▇▇▇▇▇100.0%
(0.38, 13.124894949552097)
(0.35, 12.088715665756173)
(0.31999999999999995, 11.052536381960248)
(0.31999999999999995, 11.05254437793455)
(0.33999999999999997, 11.743327901807065)
0.3419999999999999 0.024899799195977484
11.812403855402028 0.8600199966892376
talk_religion_misc.mat
使用cauchy_schwarz_divergence计算距离矩阵...
▇▇▇▇▇▇▇▇▇▇▇▇▇▇▇▇▇▇▇▇▇▇▇▇▇▇▇▇▇▇▇▇▇▇▇▇▇▇▇▇▇▇▇▇▇▇▇▇▇100.0%
(0.32999999999999996, 11.397844186166337)
(0.37, 12.779427225859973)
(0.36, 12.434015473987959)
(0.32999999999999996, 11.397844186166337)
(0.35, 12.088627710038852)
0.34800000000000003 0.017888543819998333
12.019551756443892 0.6178598132721234